date,close,volume,open,high,low
05/15/2026,316.17,"1,952,516",314.905,318.7299,314.8
05/14/2026,316.52,"1,185,747",314.38,318.49,314.38
05/13/2026,311.41,"1,844,593",312.88,315.39,308.76
05/12/2026,313.57,"1,274,063",316.71,319.15,313.15
05/11/2026,315.53,"1,632,312",314.58,317.01,312.54
05/08/2026,316.78,"1,450,107",321.71,323.45,316.38
05/07/2026,320.3,"1,433,280",321.08,324.0,319.1401
05/06/2026,321.51,"1,799,118",317.96,322.915,315.11
05/05/2026,312.77,"1,712,924",311.39,315.205,310.86
05/04/2026,311.38,"1,429,991",314.75,315.645,308.06
05/01/2026,318.61,"1,732,877",325.74,327.71,316.71
04/30/2026,324.07,"2,143,248",317.69,325.7,316.77
04/29/2026,314.5,"3,313,500",321.55,323.36,311.33
04/28/2026,323.36,"2,850,066",323.42,336.8,323.05
04/27/2026,332.45,"2,203,709",334.44,337.435,329.64
04/24/2026,335.63,"1,510,198",335.2,338.07,332.37
04/23/2026,334.28,"1,152,455",332.53,337.62,330.33
04/22/2026,333.67,"1,542,549",342.53,342.53,333.47
04/21/2026,340.21,"1,414,523",342.06,343.98,339.38
04/20/2026,342.89,"1,042,058",339.86,343.75,339.86
04/17/2026,341.03,"1,874,722",334.7,344.75,334.505
04/16/2026,330.38,"1,126,987",330.85,332.41,328.365
04/15/2026,328.91,"1,197,209",330.71,331.665,325.8
04/14/2026,331.38,"1,746,440",327.27,331.53,325.805
04/13/2026,327.26,"1,367,464",323.43,327.35,320.2
04/10/2026,323.43,"1,270,440",322.99,324.215,320.8747
04/09/2026,322.51,"1,630,187",315.95,323.7,315.195
04/08/2026,317.2,"1,942,306",314.13,319.295,314.13
04/07/2026,302.16,"1,500,100",306.58,307.72,299.06
04/06/2026,306.88,"1,122,782",302.85,307.495,302.36
04/02/2026,304.95,"1,429,833",303.265,309.0,300.62
04/01/2026,308.26,"1,531,589",304.35,309.05,300.81
03/31/2026,304.08,"1,532,938",299.18,305.28,296.9
03/30/2026,295.87,"1,492,020",296.87,299.29,295.04
03/27/2026,294.04,"1,524,001",300.27,300.675,292.37
03/26/2026,301.7,"1,287,193",301.81,304.7,300.35
03/25/2026,303.16,"1,447,974",302.53,304.85,300.48
03/24/2026,299.91,"1,470,243",298.93,300.89,296.64
03/23/2026,300.67,"1,913,067",298.1,305.4,298.1
03/20/2026,292.58,"3,093,932",296.95,299.06,290.67
03/19/2026,297.83,"1,687,874",294.26,298.75,292.76
03/18/2026,294.56,"1,917,726",299.0,301.615,294.32
03/17/2026,301.31,"1,872,945",299.78,305.16,298.51
03/16/2026,296.0,"1,216,288",295.72,298.83,294.0
03/13/2026,291.55,"1,530,945",295.64,299.79,290.94
03/12/2026,294.26,"2,117,985",292.42,296.335,289.52
03/11/2026,296.85,"1,716,777",298.02,298.39,292.59
03/10/2026,298.37,"1,958,485",302.3,303.135,297.84
03/09/2026,303.46,"3,226,930",294.08,304.445,290.0
03/06/2026,298.64,"2,381,320",303.35,303.35,291.04
03/05/2026,307.36,"2,746,079",302.02,308.06,297.62
03/04/2026,304.91,"1,886,015",307.95,309.5,304.56
03/03/2026,305.94,"1,915,378",298.0,307.66,295.88
03/02/2026,304.8,"2,511,079",301.15,308.795,298.18
02/27/2026,311.78,"2,140,092",314.03,314.03,307.69
02/26/2026,317.83,"1,160,817",315.32,319.61,314.56
02/25/2026,313.35,"1,437,792",313.72,314.93,310.01
02/24/2026,312.78,"1,419,881",309.75,314.545,309.665
02/23/2026,311.8,"1,807,401",315.12,315.12,304.13
02/20/2026,315.96,"1,315,429",311.12,315.97,310.35
02/19/2026,312.73,"2,015,032",315.36,316.655,309.745
02/18/2026,315.88,"1,929,871",316.24,319.685,313.78
02/17/2026,317.82,"2,235,889",316.7,320.98,315.85
02/13/2026,314.62,"2,403,560",324.32,324.97,313.6001
02/12/2026,322.17,"2,867,988",325.505,333.86,320.345
02/11/2026,325.13,"3,828,461",321.76,330.98,320.95
02/10/2026,323.7,"3,133,083",318.05,325.0797,316.95
02/09/2026,314.03,"2,086,385",312.88,314.69,311.245
02/06/2026,314.38,"1,718,562",309.06,314.96,307.68
02/05/2026,308.72,"1,521,576",308.0,310.08,305.02
02/04/2026,308.81,"2,249,720",305.64,310.4,305.205
02/03/2026,304.6,"2,784,252",303.31,306.03,300.98
02/02/2026,302.93,"2,862,950",299.92,303.57,298.51
01/30/2026,298.51,"1,945,842",299.3,300.05,295.11
01/29/2026,299.28,"2,848,251",298.82,301.82,297.53
01/28/2026,296.31,"1,274,901",294.99,298.97,294.6784
01/27/2026,296.17,"1,370,284",297.88,298.67,293.4
01/26/2026,297.12,"1,775,618",298.73,300.3236,293.35
01/23/2026,298.11,"3,033,955",295.87,298.27,294.14
01/22/2026,295.92,"1,625,465",297.49,301.09,295.1201
01/21/2026,296.46,"1,679,807",292.08,297.595,291.05
01/20/2026,289.98,"2,269,228",298.18,299.33,287.69
01/16/2026,300.85,"1,680,373",301.0,301.96,298.53
01/15/2026,301.86,"2,218,586",302.75,306.28,300.48
01/14/2026,300.13,"1,527,896",299.84,301.05,295.0201
01/13/2026,300.62,"1,398,848",300.45,301.22,298.115
01/12/2026,300.4,"1,622,839",298.08,300.95,296.479
01/09/2026,300.36,"2,016,924",300.0,303.4,299.17
01/08/2026,298.33,"1,593,422",292.93,298.86,292.495
01/07/2026,293.5,"1,694,489",291.99,296.515,291.0
01/06/2026,293.28,"1,808,228",286.03,293.88,285.11
01/05/2026,285.77,"2,595,756",291.23,292.625,285.61
01/02/2026,292.98,"1,831,954",286.87,293.74,286.705
12/31/2025,287.25,"1,254,128",289.77,290.39,287.15
12/30/2025,290.43,"1,201,852",291.4,292.3,289.951
12/29/2025,292.36,"982,531",292.52,292.64,290.52
12/26/2025,293.48,"601,714",292.81,294.69,292.505
12/24/2025,293.3,"485,843",291.28,293.59,290.505
12/23/2025,291.38,"1,084,848",292.22,293.84,290.98
12/22/2025,292.55,"1,103,654",292.67,294.53,291.56
12/19/2025,292.25,"3,236,954",288.49,293.63,287.62
12/18/2025,287.67,"2,172,987",292.86,294.92,285.8
12/17/2025,293.0,"3,696,141",285.8,294.7,285.06
12/16/2025,285.83,"1,893,759",285.85,287.04,283.25
12/15/2025,285.85,"1,998,380",284.63,287.36,282.97
12/12/2025,280.24,"1,235,334",280.07,282.56,279.5
12/11/2025,278.18,"1,562,995",272.16,279.43,269.99
12/10/2025,271.23,"1,573,997",270.44,271.43,267.19
12/09/2025,269.25,"1,346,038",269.36,271.6,268.94
12/08/2025,269.82,"1,137,102",271.46,273.035,268.55
12/05/2025,272.25,"1,314,553",273.31,274.62,271.23
12/04/2025,273.45,"1,529,862",276.05,278.4199,272.145
12/03/2025,280.24,"1,279,124",280.83,283.6,278.8142
12/02/2025,281.18,"2,039,077",283.67,283.67,277.57
12/01/2025,283.04,"1,917,555",283.95,285.65,282.41
11/28/2025,285.03,"756,133",285.0,287.395,284.211
11/26/2025,285.77,"1,870,968",284.8,287.31,283.63
11/25/2025,284.73,"2,364,106",275.85,285.97,274.93
11/24/2025,274.33,"2,097,336",274.84,276.0,271.925
11/21/2025,274.48,"2,148,452",266.39,277.03,264.32
11/20/2025,264.32,"1,108,443",268.01,269.99,263.945
11/19/2025,267.01,"1,234,522",268.02,269.16,265.54
11/18/2025,267.94,"1,623,073",264.91,270.32,264.91
11/17/2025,266.05,"1,374,590",270.26,270.26,264.87
11/14/2025,269.67,"1,276,814",268.5,270.5,265.88
11/13/2025,269.89,"1,410,899",274.79,277.37,269.8
11/12/2025,274.8,"1,274,625",273.22,277.68,272.79
11/11/2025,273.61,"1,636,427",273.99,275.16,272.81
11/10/2025,274.54,"1,587,226",274.23,277.345,272.07
11/07/2025,273.32,"1,904,091",266.47,273.88,265.45
11/06/2025,265.27,"1,598,798",264.3,268.53,263.6648
11/05/2025,264.46,"1,697,344",259.31,265.46,257.04
11/04/2025,258.64,"1,720,451",257.24,260.89,256.24
11/03/2025,259.09,"1,741,057",255.76,259.63,253.54
10/31/2025,256.96,"1,903,090",259.95,260.59,254.27
10/30/2025,260.18,"1,697,456",260.01,263.31,258.13
10/29/2025,260.39,"2,098,556",260.37,263.69,257.48
10/28/2025,260.9,"1,690,796",265.22,266.3,260.435
10/27/2025,266.22,"1,577,158",268.99,271.13,265.13
10/24/2025,267.77,"1,196,123",269.53,270.39,266.76
10/23/2025,267.63,"2,173,825",274.12,275.855,266.59
10/22/2025,275.06,"3,310,234",274.0,279.6,272.12
10/21/2025,265.96,"2,082,501",260.0,267.245,259.46
10/20/2025,261.04,"1,762,672",260.53,263.99,260.14
10/17/2025,260.27,"1,519,399",257.43,261.94,257.43
10/16/2025,257.47,"2,501,991",265.52,266.31,256.7
10/15/2025,265.11,"1,416,470",268.4,270.629,263.235
10/14/2025,268.4,"1,040,265",261.54,268.65,261.39
10/13/2025,263.36,"1,342,317",260.54,265.51,259.795
10/10/2025,259.53,"1,857,701",260.87,264.14,257.62
10/09/2025,260.1,"1,643,998",261.06,264.15,260.03
10/08/2025,260.06,"1,468,413",258.56,262.24,256.175
10/07/2025,258.64,"2,114,623",260.59,261.2,256.39
10/06/2025,260.18,"2,937,844",258.23,261.915,257.48
10/03/2025,258.43,"1,677,453",258.9,259.485,256.89
10/02/2025,258.91,"1,856,257",256.64,259.53,255.4
10/01/2025,256.75,"2,225,337",257.81,259.41,255.05
09/30/2025,259.44,"2,525,530",260.89,263.0,257.885
09/29/2025,262.28,"1,506,517",263.03,264.34,260.96
09/26/2025,261.75,"1,895,074",263.03,264.74,261.34
09/25/2025,261.28,"2,826,082",262.76,262.76,260.24
09/24/2025,263.17,"2,465,845",264.02,266.1,260.05
09/23/2025,263.7,"1,233,640",267.27,268.72,263.63
09/22/2025,266.58,"1,245,904",266.2,267.97,265.3
09/19/2025,268.61,"3,686,524",267.81,269.565,266.0
09/18/2025,266.3,"1,683,366",266.78,268.85,265.59
09/17/2025,266.41,"2,551,530",274.43,274.43,263.8989
09/16/2025,273.88,"1,126,694",271.74,274.25,270.55
09/15/2025,271.25,"1,442,799",274.81,275.1799,271.18
09/12/2025,274.73,"703,554",277.83,277.89,274.685
09/11/2025,278.22,"958,683",273.49,278.7826,272.54
09/10/2025,273.1,"1,131,845",274.31,275.68,271.61
09/09/2025,274.97,"863,175",277.08,277.41,274.71
09/08/2025,277.8,"1,544,745",272.45,277.9,271.87
09/05/2025,272.3,"1,578,860",278.2,279.805,270.23
09/04/2025,278.06,"2,003,643",275.74,279.26,274.68
09/03/2025,275.0,"1,244,749",275.78,279.73,274.625
09/02/2025,276.01,"1,856,226",273.1,276.26,271.06
08/29/2025,276.06,"1,108,681",274.4,277.59,273.042
08/28/2025,276.3,"1,728,906",277.62,277.655,275.82
08/27/2025,276.4,"1,294,909",275.12,277.62,274.545
08/26/2025,275.34,"1,366,042",274.36,276.96,273.5
08/25/2025,274.07,"1,242,222",277.55,278.01,272.94
08/22/2025,277.5,"1,578,623",271.01,278.64,270.0501
08/21/2025,269.19,"1,259,774",268.66,270.785,267.64
08/20/2025,269.9,"1,303,811",269.85,272.33,268.855
08/19/2025,271.73,"1,604,258",268.53,273.82,268.33
08/18/2025,269.15,"1,586,814",267.36,270.77,266.425
08/15/2025,267.73,"1,699,134",271.12,271.12,267.59
08/14/2025,270.34,"1,065,166",271.36,271.63,269.42
08/13/2025,272.85,"1,763,069",268.45,273.47,267.565
08/12/2025,268.77,"1,408,405",262.66,269.02,262.33
08/11/2025,261.05,"1,523,273",260.9,263.45,260.01
08/08/2025,262.3,"1,957,946",261.21,265.22,258.57
08/07/2025,260.92,"1,277,795",264.42,265.03,259.19
08/06/2025,260.95,"1,200,503",259.73,262.0,258.1
08/05/2025,260.15,"1,370,576",261.62,262.4,257.5
08/04/2025,262.42,"1,129,189",261.49,262.77,260.29
08/01/2025,260.84,"1,965,471",264.7,264.7,257.61
07/31/2025,268.08,"2,313,800",273.06,274.25,267.35
07/30/2025,273.29,"1,558,860",273.64,275.98,272.105
07/29/2025,273.06,"1,810,763",271.52,273.15,269.83
07/28/2025,270.57,"1,753,804",273.16,273.9,270.05
07/25/2025,273.65,"1,735,698",269.19,274.36,267.71
07/24/2025,267.57,"2,397,759",266.43,271.305,266.31
07/23/2025,266.85,"3,727,245",264.9,271.52,264.0
07/22/2025,273.84,"2,929,961",272.51,275.27,270.715
07/21/2025,270.85,"2,139,940",273.85,274.51,270.85
07/18/2025,272.68,"2,352,514",273.39,273.86,271.12
07/17/2025,272.21,"1,503,860",273.27,274.48,270.04
07/16/2025,273.47,"1,489,975",275.26,275.94,271.68
07/15/2025,274.34,"1,756,404",278.65,279.46,273.55
07/14/2025,278.65,"2,033,486",277.27,279.29,274.05
07/11/2025,277.31,"1,327,457",275.99,277.86,275.15
07/10/2025,277.48,"1,349,469",273.9,277.77,273.01
07/09/2025,272.53,"1,274,123",274.56,274.81,270.02
07/08/2025,272.96,"1,676,516",271.85,274.807,271.05
07/07/2025,270.85,"1,492,365",272.1,274.33,268.17
07/03/2025,273.42,"928,231",271.32,274.29,271.32
07/02/2025,270.11,"1,292,899",268.69,270.78,268.01
07/01/2025,268.96,"2,207,038",265.42,270.45,264.7
06/30/2025,266.34,"3,011,473",265.61,266.69,262.74
06/27/2025,265.5,"8,694,882",257.69,266.24,257.69
06/26/2025,257.49,"1,584,678",254.55,258.05,253.72
06/25/2025,253.72,"1,785,263",256.76,256.76,251.57
06/24/2025,255.93,"2,349,908",254.37,257.42,253.0725
06/23/2025,252.34,"1,828,388",248.79,252.44,243.53
06/20/2025,248.86,"3,576,586",249.29,250.8,246.62
06/18/2025,247.56,"1,526,901",247.75,250.54,246.59
06/17/2025,246.97,"1,648,437",245.65,249.43,245.65
06/16/2025,247.35,"1,420,576",246.7,248.81,246.125
06/13/2025,243.88,"2,254,890",245.83,248.64,241.45
06/12/2025,250.55,"1,609,141",251.9,253.15,249.5
06/11/2025,253.54,"1,624,516",254.32,256.66,252.34
06/10/2025,253.54,"1,503,272",252.53,253.94,251.55
06/09/2025,252.07,"1,080,980",252.82,254.12,251.28
06/06/2025,252.81,"1,708,163",250.98,253.32,249.51
06/05/2025,248.47,"1,024,425",249.0,250.91,247.275
06/04/2025,249.43,"1,255,908",251.12,252.13,249.235
06/03/2025,251.1,"1,676,179",248.82,252.79,248.795
06/02/2025,249.13,"1,878,907",247.66,249.48,243.54
05/30/2025,248.44,"2,149,710",247.76,249.47,246.15
05/29/2025,248.26,"1,501,420",250.99,252.67,246.81
05/28/2025,250.78,"1,725,342",253.0,253.7799,250.295
05/27/2025,253.08,"2,112,410",247.97,253.4709,247.97
05/23/2025,244.77,"1,058,296",243.12,245.77,243.07
05/22/2025,246.64,"1,463,566",246.68,248.17,245.24
05/21/2025,246.76,"2,064,978",250.11,251.24,246.49
05/20/2025,253.41,"1,627,224",254.83,255.63,252.52
05/19/2025,256.45,"1,072,812",252.82,257.2399,252.0
05/16/2025,255.77,"1,706,368",252.35,255.87,250.47
05/15/2025,252.49,"1,550,286",251.72,253.53,251.035
05/14/2025,253.0,"2,098,117",255.5,257.1594,252.78
05/13/2025,256.01,"2,030,893",253.92,258.21,253.105
05/12/2025,252.42,"2,988,602",256.01,259.56,249.8425
05/09/2025,243.01,"1,300,602",242.55,243.615,240.76
05/08/2025,243.18,"1,787,831",242.9,246.1,241.49
05/07/2025,241.65,"2,099,889",238.07,244.38,237.57
05/06/2025,236.59,"1,777,567",238.0,239.9321,235.985
05/05/2025,238.96,"1,593,221",238.41,241.37,237.535
05/02/2025,240.9,"2,992,458",235.2,241.52,235.2
05/01/2025,234.09,"3,868,928",226.905,235.79,226.905
04/30/2025,225.48,"2,455,079",223.035,225.83,217.05
04/29/2025,226.41,"3,078,966",224.6,227.64,221.595
04/28/2025,221.6,"2,705,241",220.91,225.18,219.23
04/25/2025,219.62,"1,591,648",219.56,221.27,217.24
04/24/2025,219.36,"1,786,900",214.5,220.24,214.04
04/23/2025,215.36,"2,181,162",217.165,221.99,213.82
04/22/2025,210.64,"1,683,822",206.6,211.09,206.6
04/21/2025,204.59,"2,519,364",209.0,209.1,201.15
04/17/2025,210.45,"2,144,574",210.8,212.445,208.885
04/16/2025,209.09,"2,300,003",209.27,213.03,206.86
04/15/2025,211.32,"2,606,045",211.32,213.05,210.37
04/14/2025,210.13,"2,872,636",211.75,213.24,206.66
04/11/2025,212.41,"2,751,842",208.53,213.9,205.03
04/10/2025,209.92,"3,213,944",213.69,214.13,204.26
04/09/2025,218.65,"6,665,760",199.7,219.18,196.04
04/08/2025,201.28,"4,003,442",211.01,211.49,197.94
04/07/2025,204.14,"6,159,056",202.155,214.38,199.6823
04/04/2025,208.85,"5,071,324",212.18,216.155,207.205
04/03/2025,217.38,"4,213,405",219.85,223.32,215.99
04/02/2025,231.38,"1,508,347",224.39,232.04,224.2
04/01/2025,227.28,"2,005,594",226.24,228.01,223.35
03/31/2025,227.55,"3,838,277",222.16,228.39,219.21
03/28/2025,225.71,"1,942,432",230.93,231.99,224.32
03/27/2025,232.05,"2,225,017",233.41,233.94,229.42
03/26/2025,234.86,"1,735,365",235.0,236.504,232.97
03/25/2025,234.67,"1,882,894",234.0,235.0,231.87
03/24/2025,232.56,"2,097,831",232.46,233.06,229.01
03/21/2025,229.33,"4,380,655",227.26,229.43,219.51
03/20/2025,231.91,"1,413,169",230.74,233.78,230.71
03/19/2025,232.95,"1,454,326",228.35,234.92,227.67
03/18/2025,227.05,"1,693,763",234.03,234.04,226.56
03/17/2025,234.65,"2,486,607",228.36,235.5,228.36
03/14/2025,229.37,"2,766,539",224.7,230.17,224.44
03/13/2025,221.78,"4,308,156",227.43,227.865,220.69
03/12/2025,228.4,"3,361,478",234.87,235.35,225.18
03/11/2025,231.83,"4,283,243",236.76,238.46,229.16
03/10/2025,238.9,"3,351,574",242.63,243.265,237.1
03/07/2025,247.14,"2,219,324",250.11,250.11,242.225
03/06/2025,251.12,"1,704,645",255.08,256.215,250.3185
03/05/2025,259.49,"1,284,562",259.55,260.74,255.72
03/04/2025,259.56,"1,950,230",259.69,262.8076,255.59
03/03/2025,263.58,"1,119,448",264.9,267.885,260.986
02/28/2025,264.96,"1,715,065",260.18,265.26,259.95
02/27/2025,259.1,"1,004,097",260.96,263.62,258.365
02/26/2025,259.96,"1,235,096",260.14,262.8,259.165
02/25/2025,257.95,"1,304,922",259.95,259.95,254.17
02/24/2025,258.9,"1,423,506",262.08,264.67,258.1
02/21/2025,259.49,"1,797,437",268.56,269.84,256.8
02/20/2025,267.81,"1,111,743",269.7,269.81,265.13
02/19/2025,269.51,"1,551,628",267.73,270.865,266.475
02/18/2025,268.87,"1,791,076",265.78,269.3,262.9801
02/14/2025,265.87,"1,699,288",270.78,271.0,264.71
02/13/2025,269.52,"1,546,941",275.22,275.22,267.77
02/12/2025,273.45,"1,841,722",268.18,274.5287,268.17
02/11/2025,269.12,"2,045,125",263.5,270.8883,263.0
02/10/2025,267.48,"1,392,909",271.11,271.47,265.435
02/07/2025,269.69,"1,639,617",270.07,274.18,268.21
02/06/2025,270.39,"3,758,217",257.68,273.78,257.68
02/05/2025,257.85,"2,106,137",258.74,260.79,256.8307
02/04/2025,258.74,"1,187,311",257.11,259.21,256.075
02/03/2025,256.27,"1,167,172",251.95,257.4,250.66
01/31/2025,256.07,"1,888,314",257.35,258.31,255.505
01/30/2025,256.79,"1,019,487",255.38,258.08,255.38
01/29/2025,253.93,"1,442,857",254.15,255.73,252.47
01/28/2025,253.66,"1,578,883",250.11,254.85,249.55
01/27/2025,249.72,"1,175,583",245.35,249.965,245.33
01/24/2025,247.73,"1,061,670",250.12,250.39,247.0
01/23/2025,250.11,"1,221,860",248.06,250.58,246.4
01/22/2025,248.0,"1,346,961",247.75,249.99,246.8
01/21/2025,247.5,"2,011,696",247.61,248.96,244.8038
01/17/2025,246.61,"1,369,247",248.31,248.6,246.48
01/16/2025,246.65,"2,289,668",244.46,248.19,244.46
01/15/2025,243.92,"1,815,077",248.99,249.45,242.82
01/14/2025,244.97,"1,032,372",244.03,245.74,241.86
01/13/2025,241.47,"1,179,658",238.98,242.34,238.7085
01/10/2025,240.69,"1,387,361",242.28,244.8695,240.01
01/08/2025,243.3,"1,124,927",241.56,244.2687,241.56
01/07/2025,241.38,"1,167,854",243.34,244.28,240.08
01/06/2025,243.55,"1,334,759",246.6,246.935,242.61
01/03/2025,246.52,"827,765",246.0,246.87,243.66
01/02/2025,245.12,"1,120,854",248.56,248.75,244.135
12/31/2024,247.16,"876,709",248.64,250.0381,246.67
12/30/2024,248.2,"1,146,538",246.66,249.56,245.01
12/27/2024,249.94,"1,288,181",249.2,251.845,247.69
12/26/2024,251.76,"651,289",251.0,252.89,251.0
12/24/2024,253.26,"460,721",250.86,253.27,250.14
12/23/2024,250.71,"1,041,747",247.75,251.34,247.08
12/20/2024,249.42,"3,064,170",245.28,252.06,244.0
12/19/2024,245.75,"1,432,855",245.23,247.08,243.57
12/18/2024,242.53,"1,232,517",250.5,252.2448,242.39
12/17/2024,250.27,"1,580,946",252.07,252.9,249.7
12/16/2024,253.0,"1,170,810",251.66,255.33,251.59
12/13/2024,252.76,"1,183,442",256.42,256.47,251.55
12/12/2024,255.9,"1,146,027",257.62,258.63,255.61
12/11/2024,256.95,"1,260,973",256.32,257.75,255.13
12/10/2024,253.72,"1,164,905",252.32,254.48,249.525
12/09/2024,250.0,"2,133,389",258.34,259.0,249.91
12/06/2024,258.46,"1,676,939",255.62,259.01,255.62
12/05/2024,255.39,"1,430,580",254.47,256.735,253.945
12/04/2024,254.01,"1,192,739",250.78,254.03,249.77
12/03/2024,251.02,"1,306,451",251.73,251.87,249.58
12/02/2024,250.47,"1,264,792",253.44,254.415,249.6063
11/29/2024,253.44,"869,441",251.46,254.75,251.135
11/27/2024,250.42,"1,488,966",250.96,252.65,249.715
11/26/2024,253.0,"1,108,140",253.73,254.51,251.935
11/25/2024,253.63,"2,023,798",255.01,255.4761,253.1
11/22/2024,253.0,"1,290,443",251.86,253.805,251.28
11/21/2024,251.83,"1,174,371",251.02,252.405,249.78
11/20/2024,250.14,"787,503",250.0,250.595,248.13
11/19/2024,249.76,"941,640",246.3,250.18,245.74
11/18/2024,249.04,"1,003,861",248.14,249.85,247.475
11/15/2024,248.41,"1,851,700",249.29,250.8,246.96
11/14/2024,250.04,"1,443,180",254.41,255.86,249.96
11/13/2024,252.65,"1,480,307",250.13,254.06,249.92
11/12/2024,250.6,"963,944",249.69,251.44,249.13
11/11/2024,250.36,"1,229,692",249.59,252.3481,249.075
11/08/2024,247.65,"2,392,593",246.54,249.155,246.3
11/07/2024,246.23,"1,471,144",246.43,247.73,244.75
11/06/2024,246.43,"2,507,165",244.86,249.36,243.21
11/05/2024,235.65,"1,109,721",233.82,236.54,233.43
11/04/2024,233.4,"1,430,996",235.28,235.71,232.7
11/01/2024,236.47,"1,043,166",234.85,238.89,234.85
10/31/2024,234.85,"1,761,853",238.47,241.24,234.54
10/30/2024,238.41,"1,772,844",238.59,240.82,237.89
10/29/2024,239.15,"1,060,322",236.5,239.955,236.5
10/28/2024,237.17,"1,417,071",237.91,237.92,235.56
10/25/2024,236.11,"1,055,893",237.32,237.34,235.03
10/24/2024,235.21,"1,601,019",233.1,236.6,232.26
10/23/2024,233.5,"2,598,803",237.5,237.5,231.13
10/22/2024,238.13,"1,842,946",238.14,239.06,236.775
10/21/2024,236.95,"1,141,355",237.95,238.8,235.96
10/18/2024,238.81,"1,238,314",240.0,240.0,237.4
10/17/2024,238.47,"1,129,319",238.77,239.53,237.81
10/16/2024,237.49,"1,019,879",236.49,238.09,236.17
10/15/2024,236.12,"1,247,088",237.89,238.94,235.74
10/14/2024,237.76,"1,117,399",237.14,238.5,236.2646
10/11/2024,238.13,"954,371",236.0,239.25,236.0
10/10/2024,235.95,"1,035,079",236.27,237.07,235.11
10/09/2024,236.98,"1,342,957",234.48,237.54,234.48
10/08/2024,234.19,"1,108,107",233.84,234.66,232.29
10/07/2024,232.5,"1,359,937",233.55,234.96,231.28
10/04/2024,233.72,"1,217,862",233.45,234.71,232.22
10/03/2024,230.88,"1,088,354",230.11,231.13,228.865
10/02/2024,231.46,"1,044,012",228.51,231.62,227.92
10/01/2024,229.83,"1,948,307",231.56,231.83,226.56
09/30/2024,230.5,"2,158,334",233.64,234.35,229.29
09/27/2024,234.36,"1,419,170",233.72,235.67,232.99
09/26/2024,232.91,"1,660,345",228.93,233.18,228.21
09/25/2024,227.39,"1,029,999",228.68,228.94,226.52
09/24/2024,228.47,"975,847",226.26,228.55,225.635
09/23/2024,224.66,"912,016",224.73,225.33,222.01
09/20/2024,224.64,"3,133,466",225.17,225.62,223.5701
09/19/2024,225.54,"1,599,179",225.03,225.82,223.16
09/18/2024,220.98,"1,982,079",222.0,223.47,220.09
09/17/2024,220.38,"1,403,235",219.5,220.79,218.02
09/16/2024,218.1,"1,845,223",218.15,220.81,217.29
09/13/2024,216.82,"1,241,543",216.7,217.89,215.75
09/12/2024,216.13,"1,811,360",213.96,216.59,213.4
09/11/2024,211.58,"2,262,130",210.21,211.97,207.06
09/10/2024,210.65,"2,052,398",215.04,215.31,209.79
09/09/2024,214.94,"1,654,333",214.75,217.43,214.48
09/06/2024,213.1,"1,492,870",216.56,219.48,212.89
09/05/2024,216.0,"1,273,887",214.81,216.48,213.28
09/04/2024,214.25,"1,042,977",214.84,215.12,212.98
09/03/2024,215.65,"1,581,400",219.07,220.01,214.46
08/30/2024,219.64,"1,582,363",218.66,220.149,217.0
08/29/2024,217.66,"1,196,117",219.42,220.4599,217.31
08/28/2024,217.08,"1,637,413",217.85,218.4,216.29
08/27/2024,218.34,"1,005,359",215.25,219.25,214.22
08/26/2024,215.29,"1,224,914",218.0,219.3,214.24
08/23/2024,217.09,"976,308",216.25,218.57,216.25
08/22/2024,215.83,"875,564",216.61,217.83,215.355
08/21/2024,216.43,"1,323,714",213.46,216.56,213.01
08/20/2024,212.41,"805,964",214.14,214.81,212.17
08/19/2024,214.55,"1,118,420",212.7,215.44,212.33
08/16/2024,212.46,"2,628,417",210.42,213.02,209.94
08/15/2024,210.59,"1,951,102",209.44,211.26,209.09
08/14/2024,207.79,"1,562,801",204.28,207.93,204.02
08/13/2024,205.16,"1,528,369",206.52,206.67,204.55
08/12/2024,205.59,"1,383,310",206.41,207.0,204.9
08/09/2024,206.32,"1,210,582",205.2,208.26,204.51
08/08/2024,205.04,"1,967,525",203.17,206.5,203.17
08/07/2024,203.52,"3,470,002",207.64,208.64,201.11
08/06/2024,207.12,"2,313,467",204.07,209.23,203.17
08/05/2024,201.82,"2,470,524",199.665,202.84,197.65
08/02/2024,204.96,"2,507,745",203.95,205.65,200.0
08/01/2024,208.71,"2,863,391",214.66,215.16,206.61
07/31/2024,214.67,"2,871,832",215.25,217.04,211.86
07/30/2024,218.76,"1,230,894",218.68,221.42,218.09
07/29/2024,217.82,"1,171,251",215.8,218.27,215.23
07/26/2024,215.61,"1,615,572",215.06,217.09,213.7755
07/25/2024,213.18,"1,887,171",214.15,216.79,211.1
07/24/2024,214.6,"1,365,377",219.3,219.66,214.21
07/23/2024,220.66,"1,046,495",219.59,222.89,218.967
07/22/2024,220.15,"1,189,570",218.91,220.69,215.56
07/19/2024,219.19,"1,594,825",219.19,220.16,216.88
07/18/2024,219.0,"1,287,283",219.27,221.38,217.5101
07/17/2024,219.79,"2,044,889",226.5,227.01,219.29
07/16/2024,228.19,"1,648,071",224.0,229.03,224.0
07/15/2024,222.99,"1,500,025",221.28,223.12,220.405
07/12/2024,220.72,"1,794,914",217.88,222.42,216.54
07/11/2024,216.86,"1,644,174",220.0,220.095,216.45
07/10/2024,219.85,"1,777,834",214.23,220.0,214.23
07/09/2024,215.25,"1,541,147",214.53,218.21,214.4
07/08/2024,214.57,"1,172,156",215.4,216.341,213.19
07/05/2024,214.41,"1,193,618",216.52,216.52,213.04
07/03/2024,216.12,"734,403",216.29,217.26,215.35
07/02/2024,215.6,"999,612",214.36,215.95,213.215
07/01/2024,214.23,"1,573,834",218.73,218.825,212.44
06/28/2024,218.2,"3,934,513",215.11,218.58,215.11
06/27/2024,215.07,"1,728,763",213.53,215.52,212.7
06/26/2024,213.05,"1,327,513",214.19,215.0,211.98
06/25/2024,215.08,"1,367,775",217.71,218.42,214.2
06/24/2024,217.04,"1,727,113",216.0,217.39,214.33
06/21/2024,215.88,"2,129,363",217.5,217.6,213.98
06/20/2024,217.81,"2,265,522",215.71,218.445,215.45
06/18/2024,216.0,"1,689,406",215.0,216.9,213.875
06/17/2024,214.62,"1,636,168",209.96,214.85,209.16
06/14/2024,210.32,"1,192,413",210.14,210.61,207.81
06/13/2024,211.64,"1,266,640",210.3,211.93,208.11
06/12/2024,210.71,"1,609,468",207.22,211.055,207.14
06/11/2024,205.88,"1,394,483",204.03,206.06,202.48
06/10/2024,204.82,"1,535,230",201.57,205.34,201.51
06/07/2024,202.18,"1,303,059",200.67,202.25,200.285
06/06/2024,201.17,"1,466,605",202.6,204.52,200.05
06/05/2024,202.58,"1,406,295",201.4,202.79,199.05
06/04/2024,200.44,"2,258,563",197.02,201.75,197.02
06/03/2024,198.16,"1,761,137",200.71,201.4,195.97
05/31/2024,200.6,"3,477,200",197.35,200.81,196.29
05/30/2024,196.53,"1,603,593",197.05,197.91,194.93
05/29/2024,196.48,"1,864,914",198.39,198.39,195.42
05/28/2024,200.0,"1,133,804",202.71,203.83,199.38
05/24/2024,203.24,"1,429,944",200.86,203.36,200.35
05/23/2024,200.03,"1,916,184",204.86,204.86,199.31
05/22/2024,204.43,"3,077,375",205.34,207.59,202.52
05/21/2024,205.8,"1,699,570",205.31,206.27,203.5701
05/20/2024,205.57,"1,131,515",204.43,207.15,204.43
05/17/2024,204.19,"899,687",206.5,206.91,204.13
05/16/2024,205.79,"1,511,341",204.77,206.84,204.08
05/15/2024,204.57,"2,111,885",205.17,207.66,204.01
05/14/2024,205.3,"2,096,698",205.96,206.49,203.03
05/13/2024,206.09,"1,912,528",208.63,209.0,205.01
05/10/2024,208.08,"2,431,271",204.8,208.33,204.475
05/09/2024,203.48,"1,477,049",198.73,203.73,197.17
05/08/2024,200.39,"990,947",199.0,200.64,198.49
05/07/2024,199.71,"902,072",200.3,201.47,199.09
05/06/2024,200.1,"903,997",198.58,200.28,198.265
05/03/2024,197.54,"1,853,124",198.65,200.28,197.34
05/02/2024,197.53,"1,466,249",198.76,198.76,196.72
05/01/2024,197.74,"1,694,114",196.69,200.64,196.0
04/30/2024,197.28,"1,756,535",201.61,202.145,197.03
04/29/2024,202.16,"1,223,469",202.33,204.465,201.395
04/26/2024,202.12,"1,572,956",203.31,205.1,201.97
04/25/2024,203.93,"2,083,927",203.08,204.86,202.04
04/24/2024,204.7,"3,141,514",205.56,210.34,204.23
04/23/2024,197.04,"2,142,700",195.24,197.72,194.71
04/22/2024,195.14,"1,898,684",196.09,197.06,194.115
04/19/2024,194.47,"2,592,106",198.94,200.045,193.86
04/18/2024,198.82,"1,273,692",201.22,202.0999,197.925
04/17/2024,200.48,"1,936,073",202.63,203.605,199.62
04/16/2024,202.5,"1,023,070",203.76,205.49,202.28
04/15/2024,204.43,"1,202,065",209.19,210.1,204.39
04/12/2024,205.1,"1,638,127",208.68,209.12,204.23
04/11/2024,210.76,"1,288,563",208.89,212.15,207.79
04/10/2024,209.59,"1,149,294",209.15,209.94,208.04
04/09/2024,209.91,"935,925",212.21,212.73,208.11
04/08/2024,211.58,"1,086,454",211.57,212.63,211.15
04/05/2024,211.69,"1,379,729",209.26,212.19,208.4001
04/04/2024,208.79,"1,233,969",214.07,214.72,207.69
04/03/2024,212.17,"1,163,393",210.89,213.02,210.735
04/02/2024,210.37,"1,412,821",211.17,211.675,210.225
04/01/2024,212.7,"1,038,919",213.31,214.57,212.2
03/28/2024,213.31,"1,247,482",214.63,215.79,213.045
03/27/2024,214.34,"1,225,204",214.17,215.14,212.34
03/26/2024,213.04,"1,482,696",212.82,213.74,212.26
03/25/2024,210.12,"1,176,440",210.75,211.22,208.85
03/22/2024,211.3,"1,045,660",210.53,211.7,210.46
03/21/2024,210.55,"1,462,614",211.44,211.86,210.25
03/20/2024,210.51,"1,340,395",208.59,211.525,207.97
03/19/2024,208.12,"1,038,471",207.29,208.77,207.06
03/18/2024,206.5,"2,349,424",206.09,207.96,205.01
03/15/2024,204.66,"3,029,481",204.71,207.19,203.905
03/14/2024,206.92,"1,741,987",209.56,209.71,206.15
03/13/2024,208.53,"1,272,601",207.34,209.13,206.555
03/12/2024,207.03,"973,625",205.2,207.94,204.91
03/11/2024,204.19,"840,793",205.4,205.64,202.78
03/08/2024,205.71,"932,289",204.28,206.64,204.03
03/07/2024,204.94,"1,115,395",204.78,205.24,203.3
03/06/2024,203.61,"1,277,961",204.11,206.65,203.48
03/05/2024,203.81,"1,396,370",202.11,203.95,200.85
03/04/2024,202.41,"1,170,060",204.53,204.91,202.03
03/01/2024,204.88,"1,272,595",203.95,205.38,202.5
02/29/2024,204.32,"3,012,440",203.75,205.04,202.53
02/28/2024,203.96,"1,490,402",202.9,205.5,202.9
02/27/2024,203.59,"1,035,247",203.01,204.14,202.66
02/26/2024,203.01,"1,038,356",204.54,204.87,202.5
02/23/2024,204.54,"1,584,950",202.11,204.84,202.01
02/22/2024,202.45,"1,697,820",200.73,203.91,200.0
02/21/2024,199.04,"1,160,517",196.99,199.35,196.68
02/20/2024,197.09,"1,535,328",198.1,198.93,196.72
02/16/2024,197.57,"1,735,255",195.49,198.045,194.86
02/15/2024,196.16,"1,749,457",193.5,196.5635,193.425
02/14/2024,192.7,"1,643,793",190.85,192.77,189.77
02/13/2024,190.11,"2,392,299",190.21,190.81,186.83
02/12/2024,193.57,"1,373,815",191.97,193.835,191.67
02/09/2024,192.16,"1,602,864",193.74,194.02,191.68
02/08/2024,194.55,"1,625,247",197.63,197.94,191.95
02/07/2024,196.03,"1,777,284",192.5,198.15,191.29
02/06/2024,194.62,"1,889,487",193.93,194.8,191.93
02/05/2024,193.67,"1,483,427",194.19,194.33,192.0
02/02/2024,195.01,"1,625,775",193.6,196.18,192.44
02/01/2024,193.72,"1,541,772",191.8,193.74,190.26
01/31/2024,190.96,"1,976,467",194.0,194.005,190.8
01/30/2024,194.18,"1,220,950",192.57,195.12,192.485
01/29/2024,193.17,"1,418,196",192.42,193.19,191.1514
01/26/2024,192.63,"1,677,884",191.49,193.15,191.045
01/25/2024,191.77,"1,755,527",189.43,192.0365,189.43
01/24/2024,187.57,"1,462,601",188.43,189.01,187.194
01/23/2024,187.38,"1,341,967",188.35,189.32,187.08
01/22/2024,188.45,"1,305,141",187.99,189.835,187.85
01/19/2024,187.38,"1,691,762",186.25,187.6,185.02
01/18/2024,185.71,"1,497,083",184.19,186.01,182.86
01/17/2024,183.52,"1,090,583",181.19,183.76,181.19
01/16/2024,182.39,"1,429,246",181.0,182.635,180.96
01/12/2024,182.16,"1,213,605",182.54,182.8,180.62
01/11/2024,182.15,"1,358,594",182.72,183.42,181.52
01/10/2024,182.52,"1,230,830",181.71,183.22,181.62
01/09/2024,181.65,"1,334,695",179.77,181.9346,179.77
01/08/2024,182.2,"1,543,525",180.68,182.535,179.64
01/05/2024,180.5,"1,406,776",178.23,181.64,178.23
01/04/2024,178.75,"1,210,975",179.93,180.73,178.68
01/03/2024,178.92,"1,476,145",179.35,180.38,178.46
01/02/2024,180.07,"1,546,708",181.3,183.43,179.2
12/29/2023,182.09,"1,726,497",182.34,183.51,181.32
12/28/2023,181.74,"796,675",181.54,182.15,181.215
12/27/2023,181.52,"892,477",181.2,181.7,180.34
12/26/2023,181.21,"818,379",181.0,181.7,180.4
12/22/2023,181.51,"888,642",181.84,182.92,180.53
12/21/2023,181.52,"1,198,939",179.0,181.57,179.0
12/20/2023,177.67,"1,540,526",178.62,179.63,177.33
12/19/2023,179.74,"1,448,179",179.06,180.48,178.9551
12/18/2023,178.49,"1,409,394",177.51,178.5,176.885
12/15/2023,177.23,"3,920,583",175.95,177.75,175.87
12/14/2023,176.76,"2,297,365",179.1,179.78,175.8
12/13/2023,178.09,"1,578,088",178.67,179.32,177.325
12/12/2023,178.58,"2,050,799",177.11,178.91,176.885
12/11/2023,177.01,"2,494,812",172.62,178.12,172.62
12/08/2023,171.33,"1,597,887",170.82,171.65,170.26
12/07/2023,170.43,"1,425,675",168.29,170.47,168.29
12/06/2023,168.06,"1,401,938",169.09,169.855,167.95
12/05/2023,167.43,"2,003,645",169.73,170.6,166.92
12/04/2023,171.57,"1,363,380",170.61,174.1,170.61
12/01/2023,170.84,"1,497,801",167.72,171.52,167.72
11/30/2023,167.52,"2,010,543",166.66,167.7,165.25
11/29/2023,166.66,"1,353,669",168.24,168.47,166.38
11/28/2023,167.37,"1,391,344",168.63,168.955,167.31
11/27/2023,168.77,"1,941,981",169.47,170.67,168.45
11/24/2023,169.82,"777,489",170.83,171.455,169.82
11/22/2023,171.05,"1,114,240",171.34,172.4,170.73
11/21/2023,169.86,"1,465,424",168.5,170.33,168.5
11/20/2023,169.17,"1,135,679",168.61,169.41,167.47
11/17/2023,168.29,"1,134,940",168.25,168.9,167.54
11/16/2023,167.17,"1,015,779",165.23,167.21,164.9268
11/15/2023,165.57,"1,504,792",167.39,168.225,165.45
11/14/2023,167.03,"1,788,969",164.9,167.51,164.25
11/13/2023,162.67,"1,802,664",161.09,163.9,161.09
11/10/2023,161.8,"1,581,371",158.37,162.27,157.64
11/09/2023,158.26,"1,575,014",157.37,158.78,156.28
11/08/2023,156.91,"1,132,860",158.41,158.675,156.06
11/07/2023,158.05,"978,089",155.81,158.6,154.825
11/06/2023,156.32,"1,603,692",157.51,157.65,155.41
11/03/2023,156.81,"1,430,156",154.12,156.96,153.97
11/02/2023,152.62,"1,785,866",151.06,152.75,148.25
11/01/2023,151.13,"1,439,680",152.2,152.2,149.735
10/31/2023,151.53,"1,343,629",150.56,152.58,150.2975
10/30/2023,151.28,"1,347,346",151.17,152.16,150.21
10/27/2023,149.17,"1,702,472",149.78,152.04,148.42
10/26/2023,148.47,"2,151,235",151.92,151.99,148.45
10/25/2023,150.75,"2,635,347",149.0,152.78,147.58
10/24/2023,149.65,"2,077,590",148.87,150.24,147.65
10/23/2023,147.86,"1,699,767",148.27,149.4,146.36
10/20/2023,147.57,"2,028,140",149.41,150.15,147.5
10/19/2023,150.31,"1,464,576",152.76,153.74,150.21
10/18/2023,152.28,"2,161,326",153.79,154.7,151.725
10/17/2023,154.83,"2,177,649",153.61,155.73,152.755
10/16/2023,153.8,"1,677,015",151.88,154.35,150.83
10/13/2023,149.98,"1,422,924",152.55,154.0,149.67
10/12/2023,153.0,"1,365,947",154.29,154.29,151.84
10/11/2023,153.69,"1,340,472",153.6,154.04,151.56
10/10/2023,153.07,"1,605,990",151.52,154.38,151.29
10/09/2023,149.68,"1,693,026",149.29,150.08,146.35
10/06/2023,151.39,"1,417,538",149.0,152.14,148.53
10/05/2023,149.83,"1,473,234",151.31,152.08,148.39
10/04/2023,151.0,"1,809,789",147.14,151.54,147.14
10/03/2023,146.77,"1,630,762",148.17,149.075,146.41
10/02/2023,149.22,"1,501,142",148.97,149.62,147.45
09/29/2023,150.18,"1,853,087",154.01,154.42,148.88
09/28/2023,153.67,"2,494,730",149.72,154.185,149.72
09/27/2023,149.36,"2,651,720",148.05,150.045,147.29
09/26/2023,147.34,"1,625,380",147.11,149.38,147.0
09/25/2023,147.81,"1,539,640",146.54,148.68,146.0
09/22/2023,147.59,"1,648,805",147.75,149.96,147.47
09/21/2023,147.71,"1,951,646",150.85,151.184,147.64
09/20/2023,152.74,"1,051,613",153.03,154.35,152.515
09/19/2023,152.15,"1,757,931",152.99,153.23,151.5
09/18/2023,153.36,"1,142,231",154.02,155.195,153.23
09/15/2023,154.41,"2,785,225",155.95,156.69,153.89
09/14/2023,156.15,"1,562,065",154.41,156.405,153.8225
09/13/2023,153.39,"2,287,877",155.29,155.5613,152.89
09/12/2023,155.74,"1,643,458",154.54,156.5,154.41
09/11/2023,154.74,"2,295,900",155.0,156.565,153.83
09/08/2023,154.12,"2,586,064",149.01,154.26,148.765
09/07/2023,148.36,"1,550,249",148.6,148.82,147.25
09/06/2023,149.2,"1,647,617",147.86,150.02,147.86
09/05/2023,148.58,"1,342,082",150.61,150.61,147.685
09/01/2023,151.0,"1,202,409",150.05,151.7,149.77
08/31/2023,148.65,"2,654,108",150.69,151.26,148.565
08/30/2023,150.42,"1,215,716",149.83,151.58,149.43
08/29/2023,149.83,"1,482,197",148.32,150.1225,147.29
08/28/2023,148.72,"858,891",147.54,149.45,146.85
08/25/2023,147.02,"1,195,281",147.34,148.03,146.42
08/24/2023,147.11,"1,176,563",148.92,150.515,146.87
08/23/2023,149.87,"1,238,481",149.94,150.54,149.16
08/22/2023,149.99,"1,225,777",149.38,150.29,148.83
08/21/2023,149.0,"1,478,772",150.8,151.85,148.29
08/18/2023,150.8,"1,261,217",148.69,151.51,148.31
08/17/2023,149.79,"2,094,624",154.5,154.5,149.68
08/16/2023,153.7,"1,620,386",152.97,154.65,152.87
08/15/2023,153.66,"1,211,558",154.63,155.325,153.37
08/14/2023,155.32,"1,171,114",154.42,155.515,153.83
08/11/2023,154.84,"1,492,581",154.47,155.35,153.6711
08/10/2023,155.38,"1,569,148",155.73,157.14,154.93
08/09/2023,154.19,"1,201,810",154.29,155.265,153.08
08/08/2023,153.73,"1,392,250",152.4,154.08,152.0
08/07/2023,153.48,"1,125,586",151.53,153.5703,151.53
08/04/2023,151.35,"1,210,204",151.99,154.11,150.62
08/03/2023,150.66,"2,219,417",150.81,151.28,148.26
08/02/2023,153.24,"1,174,501",153.4,155.68,153.09
08/01/2023,154.57,"1,414,648",154.7,156.435,153.81
07/31/2023,155.49,"1,571,729",154.87,156.3,154.01
07/28/2023,154.17,"2,309,497",153.89,155.16,153.27
07/27/2023,152.64,"2,377,378",152.1,154.19,151.09
07/26/2023,150.26,"4,503,871",151.7,153.21,147.94
07/25/2023,151.13,"3,998,623",147.68,151.415,147.21
07/24/2023,150.46,"1,583,288",151.54,151.75,149.37
07/21/2023,151.84,"1,466,698",150.48,152.77,150.48
07/20/2023,149.29,"1,411,118",148.7,150.46,148.57
07/19/2023,148.92,"1,501,939",149.77,149.97,148.61
07/18/2023,149.97,"1,754,685",148.16,150.6166,148.16
07/17/2023,149.0,"1,689,152",147.03,150.0675,147.03
07/14/2023,147.78,"2,492,315",151.82,151.82,147.53
07/13/2023,151.89,"1,479,304",152.12,152.77,151.39
07/12/2023,151.03,"1,678,217",153.55,154.12,150.9
07/11/2023,152.16,"2,069,049",152.97,155.02,151.58
07/10/2023,152.14,"2,431,822",148.25,152.16,148.25
07/07/2023,148.32,"1,963,360",145.83,149.37,145.01
07/06/2023,145.7,"1,937,472",142.89,145.805,142.5
07/05/2023,145.0,"1,579,828",145.08,145.36,143.49
07/03/2023,145.48,"915,542",144.49,146.03,144.16
06/30/2023,145.55,"1,723,830",144.5,146.31,143.96
06/29/2023,143.92,"2,027,065",140.99,144.64,140.99
06/28/2023,141.92,"2,038,516",141.34,142.18,140.69
06/27/2023,141.35,"1,492,547",138.96,141.49,137.74
06/26/2023,138.34,"1,503,982",137.1,140.04,136.985
06/23/2023,137.11,"4,640,761",138.83,139.0,136.76
06/22/2023,141.07,"1,155,280",141.15,142.0,139.91
06/21/2023,141.15,"2,040,253",139.57,142.15,139.18
06/20/2023,139.63,"1,541,726",139.97,141.05,138.75
06/16/2023,140.81,"2,669,802",142.24,142.455,139.935
06/15/2023,140.67,"2,971,091",142.15,142.15,138.66
06/14/2023,143.55,"1,304,316",143.72,144.395,141.67
06/13/2023,143.29,"1,210,655",143.37,144.0,142.56
06/12/2023,142.67,"1,095,797",142.72,142.72,140.84
06/09/2023,141.53,"1,253,162",142.94,143.7,141.2505
06/08/2023,142.88,"1,266,026",142.35,143.0,141.0
06/07/2023,142.63,"1,385,937",144.95,146.53,142.395
06/06/2023,144.6,"1,283,159",142.73,145.6686,142.73
06/05/2023,142.57,"1,180,982",142.37,143.3523,141.32
06/02/2023,142.8,"1,608,678",138.61,143.2,138.5986
06/01/2023,137.67,"1,896,650",136.58,138.42,134.78
05/31/2023,136.12,"3,337,716",136.32,136.95,134.43
05/30/2023,136.08,"1,367,479",138.16,139.43,135.84
05/26/2023,138.09,"1,198,841",140.0,140.94,138.01
05/25/2023,139.93,"1,339,054",137.8,140.13,136.91
05/24/2023,136.85,"1,712,320",136.66,137.54,135.49
05/23/2023,137.71,"2,178,356",141.98,142.84,136.95
05/22/2023,143.55,"1,731,367",144.04,144.3025,142.74
05/19/2023,144.18,"1,218,009",145.78,146.175,143.485
05/18/2023,146.25,"1,130,567",143.72,146.87,143.14
05/17/2023,144.2,"1,501,530",143.79,146.09,142.64
05/16/2023,142.47,"1,707,445",143.02,143.48,142.005
05/15/2023,143.26,"1,377,454",141.98,143.31,141.145
05/12/2023,141.58,"1,245,392",141.55,142.44,140.69
05/11/2023,141.7,"1,368,355",141.45,142.055,140.43
05/10/2023,142.41,"2,136,249",146.26,146.615,139.59
05/09/2023,145.72,"1,073,968",145.63,146.5,143.86
05/08/2023,145.55,"731,722",145.0,145.83,144.37
05/05/2023,144.61,"1,130,138",144.66,145.1792,142.83
05/04/2023,142.62,"1,555,033",145.25,145.28,141.8
05/03/2023,145.73,"1,692,312",146.38,149.0,145.54
05/02/2023,145.96,"2,140,343",145.09,146.55,142.52
05/01/2023,144.45,"1,793,542",143.46,147.1,143.46
04/28/2023,144.02,"2,041,478",141.37,145.04,141.34
04/27/2023,141.74,"2,937,347",142.21,142.255,139.17
04/26/2023,141.34,"4,415,101",147.5,148.0,138.9
04/25/2023,146.33,"1,671,520",148.0,148.59,145.95
04/24/2023,148.45,"1,387,807",148.58,148.91,147.0
04/21/2023,148.02,"1,233,057",147.3,148.43,146.325
04/20/2023,147.01,"1,171,776",146.72,147.78,146.16
04/19/2023,146.99,"1,479,482",146.62,147.67,145.68
04/18/2023,147.02,"1,708,197",146.23,148.115,146.0
04/17/2023,145.15,"1,278,781",144.78,145.98,144.17
04/14/2023,144.31,"1,349,035",142.41,144.64,142.41
04/13/2023,142.41,"1,930,290",139.44,142.64,138.65
04/12/2023,138.36,"1,638,604",142.71,143.01,138.03
04/11/2023,141.75,"1,367,702",141.62,142.675,140.75
04/10/2023,141.0,"1,516,164",139.9,142.39,139.9
04/06/2023,140.63,"1,294,285",139.82,140.77,139.09
04/05/2023,139.49,"1,718,283",138.3,139.7525,137.52
04/04/2023,139.0,"1,169,332",140.06,140.26,138.63
04/03/2023,139.57,"1,283,666",140.62,141.12,138.96
03/31/2023,140.87,"1,815,812",139.01,141.22,138.92
03/30/2023,137.46,"1,353,409",137.56,138.7,136.97
03/29/2023,135.91,"1,553,701",134.04,136.14,133.76
03/28/2023,132.51,"1,665,476",132.0,132.945,131.64
03/27/2023,132.3,"1,939,552",133.45,134.45,131.7263
03/24/2023,131.83,"2,925,625",134.22,134.55,129.86
03/23/2023,135.67,"1,622,144",138.2,140.06,134.28
03/22/2023,137.64,"1,878,360",140.76,140.76,137.6
03/21/2023,140.86,"1,562,743",140.16,141.94,139.565
03/20/2023,138.03,"1,246,372",136.94,138.86,136.42
03/17/2023,136.54,"2,830,137",137.94,137.96,134.92
03/16/2023,138.33,"1,936,626",134.87,138.88,134.69
03/15/2023,135.83,"1,952,496",135.71,136.62,133.64
03/14/2023,139.07,"1,607,315",140.1,140.63,137.7
03/13/2023,137.54,"2,832,397",139.22,139.42,136.24
03/10/2023,140.55,"2,692,278",141.66,144.42,139.28
03/09/2023,142.41,"1,964,057",148.71,148.79,142.14
03/08/2023,147.44,"1,382,901",146.79,148.125,146.66
03/07/2023,146.99,"1,176,308",149.02,150.24,146.8
03/06/2023,148.64,"1,041,291",147.86,150.07,147.79
03/03/2023,147.58,"1,304,921",147.64,148.285,146.83
03/02/2023,146.19,"1,289,726",145.09,147.005,144.35
03/01/2023,145.5,"2,188,833",144.27,146.02,143.72
02/28/2023,144.51,"1,547,292",144.91,146.035,144.47
02/27/2023,145.09,"1,009,711",145.95,146.8423,144.45
02/24/2023,144.79,"950,685",143.71,145.04,143.21
02/23/2023,145.39,"1,523,983",144.77,146.145,143.05
02/22/2023,143.91,"1,126,449",144.24,144.91,142.975
02/21/2023,144.08,"1,202,580",144.58,145.71,143.91
02/17/2023,146.34,"1,337,885",147.57,147.605,145.19
02/16/2023,148.28,"1,497,991",150.29,150.84,148.14
02/15/2023,152.76,"1,474,970",151.2,152.89,150.895
02/14/2023,151.37,"1,950,011",148.55,152.08,147.405
02/13/2023,149.0,"1,930,517",147.93,149.81,147.14
02/10/2023,147.17,"2,641,652",150.5,151.815,145.58
02/09/2023,150.8,"3,027,109",149.75,152.8599,149.2
02/08/2023,147.28,"1,852,669",147.04,148.68,146.44
02/07/2023,148.19,"1,530,237",145.51,148.87,145.01
02/06/2023,146.23,"1,899,961",145.53,147.51,145.53
02/03/2023,146.82,"1,248,384",145.0,147.68,145.0
02/02/2023,147.09,"1,484,239",148.48,148.7,146.1
02/01/2023,147.38,"1,766,219",144.53,148.24,144.14
01/31/2023,145.09,"1,585,828",142.91,145.22,142.41
01/30/2023,142.92,"1,616,679",143.19,143.94,142.37
01/27/2023,144.71,"1,111,665",144.06,145.72,143.88
01/26/2023,144.06,"1,076,393",143.12,144.27,142.41
01/25/2023,142.27,"1,218,928",138.65,142.35,138.01
01/24/2023,140.24,"1,188,748",140.0,140.77,138.8
01/23/2023,140.0,"1,597,619",138.86,140.34,138.11
01/20/2023,138.72,"1,588,224",135.51,139.0,134.69
01/19/2023,135.06,"1,279,597",133.17,135.92,133.15
01/18/2023,134.53,"1,291,879",137.61,138.22,134.41
01/17/2023,136.19,"1,534,007",136.68,138.079,135.93
01/13/2023,136.88,"1,601,611",134.47,136.89,134.19
01/12/2023,135.0,"2,492,089",134.22,136.0306,133.23
01/11/2023,134.44,"1,892,417",130.58,135.06,130.04
01/10/2023,129.46,"983,695",128.89,129.64,127.75
01/09/2023,129.08,"2,005,904",128.89,130.86,128.87
01/06/2023,130.25,"2,337,361",127.85,130.635,127.29
01/05/2023,126.84,"1,265,168",127.13,128.32,126.2389
01/04/2023,127.84,"1,884,096",126.47,128.495,126.14
01/03/2023,125.03,"1,611,877",127.77,128.485,124.495
12/30/2022,126.36,"1,079,467",125.04,126.5,124.845
12/29/2022,126.04,"1,251,907",124.49,126.7,124.49
12/28/2022,124.02,"1,155,653",125.75,126.26,123.74
12/27/2022,125.74,"1,042,583",126.5,127.39,125.67
12/23/2022,126.43,"1,005,241",125.53,127.09,125.04
12/22/2022,125.94,"1,718,791",126.32,127.13,124.39
12/21/2022,127.25,"3,103,561",130.07,130.632,126.1
12/20/2022,129.49,"1,613,566",129.9,130.74,128.51
12/19/2022,129.9,"1,770,465",131.07,131.59,128.671
12/16/2022,130.99,"2,956,864",132.16,132.72,130.4
12/15/2022,133.25,"1,681,998",134.59,134.84,131.77
12/14/2022,136.05,"2,032,751",137.1,138.04,134.42
12/13/2022,138.11,"2,070,990",140.69,142.44,137.19
12/12/2022,138.75,"1,398,579",137.46,139.09,136.36
12/09/2022,137.43,"1,419,623",136.83,138.13,136.6
12/08/2022,137.16,"1,468,798",135.31,137.49,135.31
12/07/2022,134.32,"2,192,660",136.1,136.7,133.84
12/06/2022,137.57,"1,216,559",139.1,139.89,136.06
12/05/2022,139.14,"1,266,166",140.81,141.51,138.965
12/02/2022,141.42,"1,010,558",140.3,141.77,140.2
12/01/2022,142.3,"1,136,698",143.12,143.77,141.82
11/30/2022,142.62,"2,455,169",139.2,142.66,138.375
11/29/2022,138.75,"1,630,442",137.19,139.29,137.02
11/28/2022,137.0,"1,760,759",136.4,137.73,135.41
11/25/2022,138.25,"977,633",138.3,139.3,137.09
11/23/2022,138.54,"1,184,690",140.09,141.02,138.35
11/22/2022,139.99,"1,233,322",138.63,140.32,137.9
11/21/2022,137.91,"1,123,647",139.11,140.055,137.06
11/18/2022,139.51,"1,096,243",139.98,140.82,138.37
11/17/2022,137.96,"1,393,406",135.85,138.1,135.38
11/16/2022,138.38,"1,498,413",137.39,139.26,136.405
11/15/2022,138.54,"2,612,464",140.5,142.31,137.78
11/14/2022,138.76,"1,973,855",140.04,141.498,138.67
11/11/2022,140.63,"2,808,267",138.5,142.42,137.76
11/10/2022,136.62,"1,803,104",135.09,137.29,135.09
11/09/2022,129.89,"1,894,806",129.23,132.205,128.94
11/08/2022,130.83,"1,641,453",129.42,132.43,128.9
11/07/2022,128.87,"3,027,955",130.14,130.76,126.385
11/04/2022,130.01,"3,185,746",131.39,133.89,128.99
11/03/2022,128.5,"2,162,446",128.03,129.87,126.28
11/02/2022,129.73,"1,926,608",133.0,134.44,129.63
11/01/2022,133.74,"1,785,976",136.65,137.49,133.61
10/31/2022,135.26,"2,701,778",134.77,138.0,134.27
10/28/2022,134.64,"1,671,817",133.62,135.29,131.72
10/27/2022,133.4,"2,598,226",131.15,134.61,131.15
10/26/2022,129.99,"3,590,667",131.58,134.89,127.71
10/25/2022,130.64,"2,648,522",130.51,132.41,129.13
10/24/2022,130.63,"2,639,679",131.94,133.65,128.96
10/21/2022,131.23,"2,223,068",126.59,132.12,126.13
10/20/2022,126.55,"1,867,133",129.24,131.43,126.2
10/19/2022,128.7,"1,409,353",127.8,130.44,127.3
10/18/2022,128.6,"1,649,690",130.0,131.65,127.42
10/17/2022,126.41,"1,648,600",124.7,127.48,124.68
10/14/2022,122.58,"1,410,135",125.3,126.83,122.22
10/13/2022,123.1,"1,813,077",118.32,123.6,117.25
10/12/2022,121.0,"1,638,649",117.31,122.02,116.63
10/11/2022,117.88,"1,783,609",120.66,120.96,116.59
10/10/2022,120.33,"1,350,246",122.03,122.84,118.82
10/07/2022,121.37,"1,587,637",121.45,121.97,119.2
10/06/2022,123.35,"1,448,759",125.55,126.89,122.945
10/05/2022,125.92,"1,651,897",124.22,126.44,123.31
10/04/2022,125.97,"1,573,376",124.02,127.54,124.02
10/03/2022,121.77,"2,054,886",123.32,123.32,119.54
09/30/2022,120.62,"1,834,753",120.53,123.715,120.02
09/29/2022,121.86,"1,783,227",121.69,123.09,119.91
09/28/2022,123.67,"1,948,813",118.53,124.35,117.94
09/27/2022,118.17,"2,605,906",120.16,120.94,116.89
09/26/2022,117.48,"1,984,254",118.83,119.9,116.9
09/23/2022,118.33,"4,408,268",118.03,118.78,116.385
09/22/2022,119.42,"3,680,027",124.63,124.63,118.43
09/21/2022,124.63,"2,326,074",131.58,131.6,124.63
09/20/2022,131.68,"1,349,671",131.59,133.29,130.25
09/19/2022,132.3,"1,503,794",128.88,132.95,128.8
09/16/2022,130.8,"3,409,711",134.02,134.02,129.16
09/15/2022,135.24,"2,251,393",135.58,137.97,134.69
09/14/2022,134.83,"1,820,511",131.09,134.95,129.38
09/13/2022,130.46,"2,134,036",132.56,133.96,129.82
09/12/2022,136.65,"1,235,336",137.37,137.97,136.04
09/09/2022,135.91,"1,993,185",134.14,136.725,133.71
09/08/2022,132.97,"2,323,028",129.79,133.02,129.0
09/07/2022,131.18,"1,364,590",127.05,131.5,127.05
09/06/2022,126.87,"1,594,703",127.84,129.25,125.0
09/02/2022,127.49,"1,398,112",129.78,130.49,126.91
09/01/2022,127.67,"1,670,852",126.01,127.79,124.04
08/31/2022,127.36,"2,305,641",127.14,129.37,126.77
08/30/2022,126.83,"2,416,421",130.36,131.33,126.47
08/29/2022,129.47,"1,458,469",129.78,131.06,129.07
08/26/2022,131.09,"1,232,688",136.02,136.59,131.02
08/25/2022,136.08,"1,046,402",134.33,136.2,134.15
08/24/2022,133.3,"1,030,282",132.04,134.3,132.04
08/23/2022,132.28,"1,242,093",132.27,133.98,132.08
08/22/2022,131.58,"1,472,883",132.2,133.82,131.23
08/19/2022,135.48,"1,718,597",136.76,137.66,135.17
08/18/2022,138.77,"943,936",137.11,138.85,136.9
08/17/2022,137.46,"1,292,698",136.92,137.97,136.29
08/16/2022,139.02,"1,159,648",136.22,139.24,136.22
08/15/2022,137.02,"940,687",136.28,138.46,136.28
08/12/2022,137.44,"1,196,046",135.39,137.51,134.55
08/11/2022,134.69,"1,051,097",135.81,136.67,134.08
08/10/2022,133.66,"1,069,341",134.79,135.18,133.32
08/09/2022,131.45,"1,219,096",130.58,131.47,128.86
08/08/2022,130.72,"1,170,701",131.75,132.96,130.62
08/05/2022,130.32,"1,149,564",129.52,131.91,129.37
08/04/2022,131.05,"1,358,036",130.41,131.11,129.2
08/03/2022,130.97,"1,628,675",129.33,131.91,129.33
08/02/2022,128.68,"2,099,235",127.76,130.53,126.75
08/01/2022,128.69,"1,802,453",127.1,129.202,126.06
07/29/2022,128.07,"1,781,959",127.895,128.54,126.41
07/28/2022,128.0,"2,608,638",129.22,130.17,125.7201
07/27/2022,129.25,"4,455,727",126.34,130.27,125.1
07/26/2022,120.22,"2,203,998",121.29,121.89,120.08
07/25/2022,122.19,"1,553,136",121.31,122.3783,119.575
07/22/2022,120.83,"2,109,945",122.54,125.1,120.3
07/21/2022,121.97,"1,685,049",120.54,122.64,119.0601
07/20/2022,122.69,"1,528,560",120.52,123.605,120.165
07/19/2022,121.41,"1,830,586",119.53,122.26,119.53
07/18/2022,117.42,"2,267,671",117.72,120.33,116.87
07/15/2022,116.34,"2,191,605",115.17,117.09,114.08
07/14/2022,113.31,"2,965,969",112.18,114.115,111.11
07/13/2022,114.12,"2,965,520",110.01,115.2,109.61
07/12/2022,112.64,"2,678,405",112.3,114.465,111.985
07/11/2022,111.59,"1,725,358",111.1,111.91,109.565
07/08/2022,111.59,"1,918,393",113.36,113.55,110.6
07/07/2022,113.9,"2,718,710",111.4,114.77,110.78
07/06/2022,109.75,"2,153,927",112.18,113.31,108.41
07/05/2022,112.03,"2,420,970",110.25,112.24,109.27
07/01/2022,112.99,"1,827,841",111.09,113.05,110.37
06/30/2022,111.44,"3,915,819",111.04,113.2,109.14
06/29/2022,113.06,"2,794,165",114.7,115.42,111.75
06/28/2022,115.28,"1,870,833",117.87,121.31,115.2
06/27/2022,117.03,"2,210,404",116.68,119.0,115.37
06/24/2022,116.71,"2,588,359",112.41,117.94,111.878
06/23/2022,110.52,"3,705,862",112.69,112.79,108.71
06/22/2022,112.02,"3,303,729",113.16,114.44,111.17
06/21/2022,114.44,"2,046,699",118.36,118.36,114.14
06/17/2022,116.28,"2,681,111",116.3,117.34,113.65
06/16/2022,115.42,"2,640,475",118.46,119.01,114.65
06/15/2022,121.89,"2,472,385",121.31,123.62,120.26
06/14/2022,119.14,"2,469,484",120.79,122.03,117.97
06/13/2022,120.85,"3,183,986",123.65,123.82,119.35
06/10/2022,127.47,"2,931,982",132.4,134.45,127.41
06/09/2022,135.8,"1,714,937",140.05,140.05,135.79
06/08/2022,140.71,"1,479,094",141.83,142.875,140.28
06/07/2022,143.82,"1,161,971",142.32,144.13,140.57
06/06/2022,144.42,"1,579,682",143.73,145.7,141.95
06/03/2022,142.17,"1,067,856",140.34,143.08,139.96
06/02/2022,142.29,"1,302,716",138.25,142.4,138.17
06/01/2022,138.42,"1,455,624",141.11,142.54,136.51
05/31/2022,140.86,"3,310,916",140.63,141.77,139.225
05/27/2022,142.25,"1,860,648",139.34,144.61,139.34
05/26/2022,138.47,"2,623,511",133.47,139.65,132.95
05/25/2022,131.74,"2,557,313",128.32,132.39,127.21
05/24/2022,128.28,"1,814,389",130.67,130.99,126.28
05/23/2022,132.35,"1,813,328",131.49,132.95,128.73
05/20/2022,130.28,"2,677,876",133.62,134.29,128.36
05/19/2022,131.71,"2,468,973",127.49,133.9,127.345
05/18/2022,128.66,"3,520,675",133.11,134.29,126.92
05/17/2022,135.08,"2,306,537",136.05,136.86,133.0
05/16/2022,132.85,"2,266,146",135.46,136.2,132.54
05/13/2022,136.59,"2,087,633",134.92,137.28,134.33
05/12/2022,132.43,"2,247,471",134.28,135.77,129.27
05/11/2022,134.51,"2,720,626",137.97,140.91,133.99
05/10/2022,137.79,"3,207,841",135.86,139.8,135.06
05/09/2022,133.31,"4,419,091",142.55,142.56,132.5
05/06/2022,143.48,"3,611,521",149.75,150.0,142.16
05/05/2022,149.89,"3,921,821",149.57,153.14,148.225
05/04/2022,151.39,"3,773,878",148.99,151.64,143.7401
05/03/2022,148.96,"5,154,946",153.12,154.7,145.66
05/02/2022,155.41,"3,287,766",158.03,158.78,150.83
04/29/2022,155.29,"2,194,466",161.04,162.06,154.93
04/28/2022,161.22,"1,777,763",158.83,162.55,156.7
04/27/2022,157.06,"2,515,956",151.69,157.75,150.9175
04/26/2022,151.72,"1,847,295",155.11,156.85,151.29
04/25/2022,155.94,"2,331,018",152.96,156.28,150.6
04/22/2022,153.35,"1,694,159",156.0,157.49,152.93
04/21/2022,156.96,"2,268,147",166.71,167.99,156.81
04/20/2022,162.91,"2,113,069",163.8,166.22,162.77
04/19/2022,163.14,"2,203,988",157.38,163.345,156.68
04/18/2022,156.57,"1,463,742",155.74,160.02,155.0617
04/14/2022,155.58,"2,351,189",154.46,157.33,153.9
04/13/2022,153.93,"2,502,524",146.41,154.28,145.67
04/12/2022,144.88,"1,698,245",145.0,146.95,143.855
04/11/2022,143.7,"1,165,117",144.3,147.19,143.63
04/08/2022,145.48,"1,646,722",144.71,147.05,143.835
04/07/2022,145.55,"3,278,757",145.3,146.44,142.145
04/06/2022,145.61,"2,031,664",150.005,150.005,144.81
04/05/2022,151.55,"1,595,726",152.66,153.645,150.21
04/04/2022,152.34,"1,775,228",150.0,152.91,148.9751
04/01/2022,150.71,"1,465,082",153.11,153.84,149.85
03/31/2022,151.74,"1,814,823",152.74,155.1,151.53
03/30/2022,153.15,"1,709,580",153.82,155.77,152.52
03/29/2022,155.31,"2,518,382",153.6,156.07,153.08
03/28/2022,150.68,"1,250,819",152.0,152.115,149.01
03/25/2022,151.5,"1,074,638",152.21,153.84,150.96
03/24/2022,151.89,"1,179,984",148.41,152.05,147.76
03/23/2022,148.41,"1,267,510",149.57,150.848,148.37
03/22/2022,151.42,"2,190,591",151.71,153.49,149.71
03/21/2022,150.35,"1,855,904",150.56,151.1,148.02
03/18/2022,151.79,"3,060,161",150.21,153.249,149.22
03/17/2022,151.14,"1,668,221",147.64,151.23,147.64
03/16/2022,150.79,"4,292,576",146.22,151.09,145.705
03/15/2022,144.24,"1,581,613",143.49,145.72,142.42
03/14/2022,141.56,"1,586,711",143.19,143.905,140.2453
03/11/2022,141.77,"1,684,843",144.58,145.8,141.53
03/10/2022,142.94,"3,309,531",135.49,144.33,135.2
03/09/2022,138.52,"3,171,056",138.5,140.67,137.455
03/08/2022,133.92,"5,031,716",130.97,138.19,128.87
03/07/2022,129.09,"4,207,912",137.84,138.0,128.77
03/04/2022,137.67,"4,510,915",139.93,141.1,133.26
03/03/2022,142.01,"2,685,777",148.13,148.84,141.0
03/02/2022,145.91,"2,066,732",143.8,147.0,143.8
03/01/2022,142.17,"3,158,383",147.37,148.22,141.05
02/28/2022,148.86,"3,213,134",147.22,150.15,144.88
02/25/2022,150.67,"1,949,159",147.0,150.68,145.01
02/24/2022,146.09,"3,350,028",138.97,146.66,138.03
02/23/2022,143.37,"3,147,669",148.33,148.48,143.07
02/22/2022,147.16,"2,991,418",150.0,150.6,145.89
02/18/2022,150.41,"2,318,027",153.16,154.49,149.925
02/17/2022,153.04,"3,131,071",154.13,155.68,150.03
02/16/2022,156.34,"4,808,622",157.9,160.96,155.0
02/15/2022,158.0,"4,976,708",153.99,159.09,153.99
02/14/2022,151.43,"4,412,144",149.76,154.5,149.76
02/11/2022,149.53,"2,798,502",154.69,155.7966,149.25
02/10/2022,154.2,"2,551,167",151.96,156.485,150.8394
02/09/2022,153.14,"2,709,338",154.85,157.49,152.89
02/08/2022,153.38,"3,102,315",149.25,153.7,148.65
02/07/2022,148.64,"2,526,208",146.48,149.47,145.76
02/04/2022,145.5,"3,169,479",143.42,147.14,142.47
02/03/2022,144.15,"2,838,484",144.17,145.86,142.65
02/02/2022,144.59,"2,740,267",145.99,145.99,142.74
02/01/2022,145.72,"2,772,855",145.93,146.235,143.58
01/31/2022,145.11,"1,615,265",142.19,145.44,141.395
01/28/2022,143.39,"2,367,879",138.22,143.56,136.72
01/27/2022,137.25,"3,534,231",145.76,147.02,136.89
01/26/2022,144.82,"2,824,268",144.57,148.82,143.1
01/25/2022,142.39,"3,976,157",138.14,143.5,134.53
01/24/2022,140.48,"5,057,570",138.24,140.6,134.559
01/21/2022,142.26,"3,607,382",142.25,145.18,141.13
01/20/2022,142.24,"2,576,510",143.06,146.75,141.84
01/19/2022,142.21,"3,131,449",144.96,145.56,141.82
01/18/2022,144.52,"2,852,656",146.3,146.535,143.78
01/14/2022,147.98,"2,718,527",149.15,149.43,146.45
01/13/2022,149.9,"2,234,285",150.59,152.09,149.06
01/12/2022,150.0,"2,010,170",153.93,154.14,149.71
01/11/2022,152.5,"3,488,341",149.19,153.51,147.75
01/10/2022,148.61,"2,652,318",150.84,152.04,146.04
01/07/2022,152.0,"2,040,167",152.57,155.03,151.97
01/06/2022,152.18,"1,782,303",152.24,153.6,150.91
01/05/2022,151.8,"1,339,861",156.22,156.46,151.78
01/04/2022,155.96,"2,043,109",157.49,159.2059,155.95
01/03/2022,154.48,"1,712,655",155.95,157.145,152.75
12/31/2021,155.99,"1,187,324",154.83,156.97,154.58
12/30/2021,154.98,"1,474,199",155.38,156.69,154.43
12/29/2021,155.37,"893,369",154.43,155.81,154.05
12/28/2021,155.02,"965,722",154.93,156.01,153.905
12/27/2021,155.29,"905,996",153.71,155.44,152.32
12/23/2021,154.71,"1,384,899",154.01,155.2199,152.51
12/22/2021,152.74,"3,098,655",148.22,153.47,148.22
12/21/2021,148.55,"2,214,110",142.55,148.65,142.325
12/20/2021,140.37,"2,067,227",139.0,141.26,137.37
12/17/2021,140.94,"3,068,362",138.5,141.76,137.6
12/16/2021,139.0,"1,852,143",141.1,142.14,138.955
12/15/2021,140.29,"1,795,654",141.82,142.36,137.88
12/14/2021,141.98,"1,581,277",142.12,145.16,141.39
12/13/2021,142.41,"1,567,872",144.55,144.65,140.88
12/10/2021,146.13,"1,443,838",145.0,146.62,142.41
12/09/2021,144.31,"881,900",143.21,145.03,142.33
12/08/2021,144.39,"1,508,270",144.42,145.61,142.02
12/07/2021,143.15,"1,980,147",145.88,148.753,142.13
12/06/2021,144.31,"1,709,883",141.52,146.0,141.24
12/03/2021,138.74,"2,732,528",139.58,140.4,135.54
12/02/2021,139.59,"3,150,678",131.66,140.57,130.97
12/01/2021,129.96,"3,570,802",137.56,138.5951,129.88
11/30/2021,135.07,"2,992,356",135.99,137.43,133.79
11/29/2021,138.07,"2,557,966",138.47,140.4,137.9025
11/26/2021,136.21,"3,513,628",135.8,136.6,132.12
11/24/2021,145.29,"1,066,855",143.98,146.37,142.95
11/23/2021,145.73,"1,405,623",145.55,146.83,144.59
11/22/2021,143.87,"2,180,587",145.55,145.68,141.86
11/19/2021,144.37,"3,014,526",140.73,145.14,137.085
11/18/2021,143.59,"1,313,399",145.09,145.89,142.51
11/17/2021,144.53,"2,306,013",140.81,144.73,139.85
11/16/2021,141.74,"2,396,742",142.87,144.29,140.315
11/15/2021,142.91,"955,691",144.25,144.41,142.42
11/12/2021,143.47,"1,872,486",143.7,145.46,142.8
11/11/2021,143.58,"1,634,083",145.81,147.1498,143.4
11/10/2021,146.53,"1,255,864",147.43,149.19,145.23
11/09/2021,148.46,"1,354,584",150.87,151.98,146.63
11/08/2021,151.17,"1,893,741",152.26,154.4,150.48
11/05/2021,151.84,"3,035,096",152.19,153.84,148.69
11/04/2021,147.44,"1,284,906",145.99,148.085,145.84
11/03/2021,145.24,"2,336,205",140.49,146.81,139.87
11/02/2021,141.34,"2,592,267",144.51,144.96,140.62
11/01/2021,144.78,"4,249,443",144.3,145.51,143.2
10/29/2021,143.95,"2,566,134",145.58,146.5,142.84
10/28/2021,146.04,"1,620,578",148.35,148.725,145.59
10/27/2021,147.22,"3,504,885",141.08,149.04,140.405
10/26/2021,144.45,"2,642,324",143.46,145.25,143.02
10/25/2021,142.17,"1,412,301",141.77,143.03,139.85
10/22/2021,141.66,"1,090,962",140.57,142.76,140.47
10/21/2021,141.5,"1,306,761",140.09,141.625,139.76
10/20/2021,140.24,"1,501,412",140.53,141.91,139.4855
10/19/2021,140.95,"3,745,301",144.98,144.98,140.79
10/18/2021,144.06,"1,074,462",143.37,144.75,142.72
10/15/2021,144.52,"1,674,683",143.21,145.45,143.12
10/14/2021,141.58,"1,218,248",142.29,142.56,141.235
10/13/2021,140.83,"2,195,119",145.0,145.25,140.71
10/12/2021,144.7,"2,336,590",143.22,145.11,142.945
10/11/2021,142.85,"1,494,883",141.43,143.8099,141.19
10/08/2021,141.51,"1,653,893",141.37,142.5,140.89
10/07/2021,141.17,"1,503,357",140.86,143.31,140.13
10/06/2021,139.36,"1,751,595",137.95,139.63,135.7
10/05/2021,139.75,"2,028,473",138.75,140.83,137.79
10/04/2021,138.51,"3,687,623",138.46,141.44,136.92
10/01/2021,138.15,"4,563,123",134.77,138.58,134.13
09/30/2021,132.11,"2,415,944",135.03,135.03,131.745
09/29/2021,135.16,"2,152,593",137.31,137.36,133.56
09/28/2021,136.55,"2,343,142",138.23,140.21,136.07
09/27/2021,138.8,"2,323,640",137.33,139.37,136.45
09/24/2021,135.48,"2,311,760",134.36,136.305,133.985
09/23/2021,134.49,"2,505,835",129.9,135.1,129.66
09/22/2021,129.19,"1,851,672",128.39,130.07,128.24
09/21/2021,127.82,"1,520,710",130.11,130.85,127.69
09/20/2021,128.83,"1,976,402",129.2,130.16,126.98
09/17/2021,131.21,"1,749,139",132.12,133.44,130.84
09/16/2021,132.02,"972,661",131.12,132.56,130.845
09/15/2021,131.4,"1,697,174",131.12,131.86,128.83
09/14/2021,131.82,"1,767,313",130.6,132.11,129.52
09/13/2021,130.21,"1,459,760",128.26,130.25,126.73
09/10/2021,127.4,"2,287,754",126.7,128.86,125.35
09/09/2021,125.75,"1,933,951",122.68,126.96,122.52
09/08/2021,122.76,"2,288,389",123.89,124.19,121.42
09/07/2021,123.37,"1,132,225",122.5,123.99,121.88
09/03/2021,123.08,"1,697,354",123.91,124.16,120.85
09/02/2021,124.39,"1,991,142",124.72,125.53,123.78
09/01/2021,125.32,"2,127,666",125.61,125.97,124.17
08/31/2021,124.86,"2,697,954",125.72,126.17,124.03
08/30/2021,125.72,"1,136,775",127.9,127.9,125.23
08/27/2021,127.56,"1,149,695",125.48,127.97,125.48
08/26/2021,125.62,"1,037,994",126.69,126.74,124.59
08/25/2021,127.32,"1,392,679",126.87,127.92,125.44
08/24/2021,126.86,"2,182,675",124.16,127.95,124.14
08/23/2021,123.03,"1,799,456",122.69,123.71,121.93
08/20/2021,121.77,"2,555,011",118.5,122.3434,118.34
08/19/2021,119.23,"2,692,214",118.8,119.47,117.53
08/18/2021,119.0,"2,359,976",119.39,120.42,118.08
08/17/2021,119.99,"2,233,312",120.11,120.79,119.36
08/16/2021,121.49,"2,464,403",121.13,122.58,120.18
08/13/2021,122.21,"1,951,409",123.08,123.43,121.315
08/12/2021,123.43,"2,069,829",124.47,124.87,122.5501
08/11/2021,125.03,"2,218,243",125.55,126.34,124.155
08/10/2021,126.35,"1,637,548",124.69,127.25,124.15
08/09/2021,124.61,"1,774,591",125.99,126.0,122.81
08/06/2021,126.66,"1,717,058",126.77,127.33,125.4
08/05/2021,126.4,"1,881,255",125.34,127.354,124.84
08/04/2021,124.39,"2,249,516",124.56,125.84,123.11
08/03/2021,126.08,"3,137,342",128.15,128.15,123.47
08/02/2021,127.87,"2,154,734",132.47,132.89,127.02
07/30/2021,131.45,"1,849,549",133.37,133.81,131.01
07/29/2021,134.5,"3,619,751",130.0,136.89,127.5001
07/28/2021,129.53,"2,225,255",129.23,129.91,126.6
07/27/2021,128.5,"2,487,506",125.79,128.57,124.79
07/26/2021,126.67,"2,676,482",124.73,127.29,123.31
07/23/2021,125.26,"2,485,587",124.6,125.62,123.62
07/22/2021,123.21,"1,561,702",124.08,124.55,122.32
07/21/2021,124.93,"2,022,319",121.89,125.32,121.6601
07/20/2021,120.9,"1,714,963",117.34,121.42,116.7
07/19/2021,117.01,"5,227,095",116.0,119.46,114.7
07/16/2021,119.75,"3,002,412",124.17,125.0,119.41
07/15/2021,122.9,"1,986,667",123.0,123.84,121.89
07/14/2021,123.87,"1,525,161",123.72,125.32,123.23
07/13/2021,123.46,"1,550,744",125.18,125.5,123.32
07/12/2021,125.85,"2,030,542",125.0,126.38,124.44
07/09/2021,126.05,"1,335,773",124.23,126.23,123.39
07/08/2021,123.13,"2,458,668",122.19,124.12,120.68
07/07/2021,124.45,"1,958,092",124.63,126.39,121.825
07/06/2021,125.83,"1,854,683",127.06,128.0,124.1306
07/02/2021,126.81,"2,291,537",124.49,127.03,123.76
07/01/2021,123.62,"2,467,929",120.63,123.835,120.62
06/30/2021,120.62,"2,656,789",119.06,120.8,118.9
06/29/2021,118.95,"1,728,413",120.76,121.205,118.66
06/28/2021,120.72,"2,031,510",124.06,124.06,119.51
06/25/2021,124.48,"5,399,427",125.04,125.4894,124.191
06/24/2021,124.51,"1,645,317",126.77,126.82,124.25
06/23/2021,125.68,"1,007,629",125.8,126.41,125.4
06/22/2021,126.1,"1,394,201",126.86,126.92,125.35
06/21/2021,126.74,"2,280,883",124.57,126.87,123.57
06/18/2021,123.72,"2,006,645",124.49,125.21,123.39
06/17/2021,126.24,"1,857,873",127.01,128.23,125.26
06/16/2021,126.93,"1,970,610",129.48,129.81,126.5
06/15/2021,129.25,"2,571,147",128.37,129.97,128.13
06/14/2021,128.61,"1,571,091",128.35,129.852,127.59
06/11/2021,128.61,"1,589,954",126.79,128.74,126.605
06/10/2021,126.59,"1,741,770",126.79,127.27,125.26
06/09/2021,126.45,"1,508,927",128.35,128.77,126.38
06/08/2021,127.84,"1,978,493",125.17,128.16,124.76
06/07/2021,124.9,"1,353,861",125.53,125.81,124.53
06/04/2021,124.75,"1,657,124",123.75,124.82,122.93
06/03/2021,123.13,"1,331,399",124.13,124.495,122.19
06/02/2021,125.17,"1,462,093",126.88,127.0,124.56
06/01/2021,126.61,"1,489,247",127.6,127.6,125.8
05/28/2021,125.27,"893,721",125.9,126.32,124.39
05/27/2021,126.27,"2,395,681",127.0,127.68,125.11
05/26/2021,126.22,"1,523,062",124.42,126.4,123.92
05/25/2021,123.8,"1,374,212",124.63,125.31,123.35
05/24/2021,123.59,"2,057,688",122.09,123.9,121.32
05/21/2021,120.98,"1,429,513",121.32,122.22,120.7
05/20/2021,120.58,"1,484,363",120.71,121.2,119.05
05/19/2021,120.57,"1,511,892",118.24,120.66,117.89
05/18/2021,120.79,"2,237,070",122.15,123.37,120.72
05/17/2021,121.71,"1,428,913",123.425,123.425,120.39
05/14/2021,123.61,"1,470,752",121.29,124.43,120.445
05/13/2021,120.16,"1,648,651",118.84,121.16,118.23
05/12/2021,118.29,"1,984,269",121.03,122.26,117.54
05/11/2021,121.83,"1,640,351",119.26,122.16,118.16
05/10/2021,121.58,"2,218,966",122.47,123.7,121.08
05/07/2021,123.44,"2,097,105",121.2,123.54,119.8
05/06/2021,120.77,"3,108,775",122.15,122.725,119.47
05/05/2021,122.62,"2,371,907",127.11,128.105,122.32
05/04/2021,128.25,"2,574,872",128.17,128.85,125.69
05/03/2021,128.67,"1,375,322",129.64,130.17,128.39
04/30/2021,128.7,"1,263,868",129.71,130.059,127.58
04/29/2021,130.39,"1,596,987",130.88,132.69,128.45
04/28/2021,129.11,"1,328,800",129.82,130.25,128.96
04/27/2021,130.01,"1,712,924",127.72,130.35,127.59
04/26/2021,127.57,"1,357,439",128.6,130.19,127.12
04/23/2021,127.4,"1,394,651",125.94,127.43,125.56
04/22/2021,125.5,"2,235,433",123.44,126.77,122.85
04/21/2021,123.91,"1,329,363",122.51,123.97,121.31
04/20/2021,122.22,"2,328,494",124.95,125.3,120.67
04/19/2021,125.93,"1,451,298",127.49,127.73,125.26
04/16/2021,128.05,"1,721,346",128.52,129.05,127.545
04/15/2021,127.28,"1,192,950",127.37,127.85,125.78
04/14/2021,126.52,"2,461,364",126.0,128.28,125.64
04/13/2021,126.11,"3,377,733",123.78,126.87,122.43
04/12/2021,125.28,"2,057,807",124.48,125.44,122.471
04/09/2021,124.35,"921,479",124.4,124.46,122.37
04/08/2021,124.75,"1,847,136",124.37,126.13,122.81
04/07/2021,124.52,"1,803,966",126.97,127.32,124.26
04/06/2021,126.66,"1,719,487",125.55,127.5403,125.5
04/05/2021,125.4,"2,261,167",123.12,126.1,122.99
04/01/2021,121.65,"1,697,147",121.9,122.1,120.38
03/31/2021,120.92,"2,031,612",122.31,122.82,120.84
03/30/2021,122.06,"2,548,865",118.95,122.6099,118.685
03/29/2021,119.05,"2,135,381",120.93,121.34,118.11
03/26/2021,121.12,"2,149,840",121.08,121.6099,118.92
03/25/2021,120.4,"2,680,808",117.54,120.78,116.15
03/24/2021,118.5,"2,034,971",119.83,121.65,118.47
03/23/2021,118.9,"2,659,110",122.16,122.6,118.2
03/22/2021,122.92,"2,031,162",124.51,124.83,122.4
03/19/2021,124.39,"2,810,774",125.0,125.92,122.14
03/18/2021,125.64,"2,598,720",126.57,128.68,125.1
03/17/2021,127.14,"3,831,734",123.5,127.62,123.45
03/16/2021,123.96,"1,819,391",127.39,127.78,123.77
03/15/2021,127.26,"1,774,269",126.96,128.92,125.07
03/12/2021,126.1,"1,588,796",125.32,126.58,124.34
03/11/2021,124.66,"1,711,218",124.56,126.2,123.32
03/10/2021,124.51,"1,846,727",124.39,125.975,122.8
03/09/2021,124.12,"2,560,482",126.97,126.97,123.61
03/08/2021,125.41,"2,573,364",123.52,126.76,122.02
03/05/2021,122.87,"3,696,565",121.9,122.93,116.44
03/04/2021,120.72,"3,555,491",123.25,123.32,117.0
03/03/2021,123.13,"2,108,262",124.25,125.84,123.13
03/02/2021,124.25,"3,325,616",123.9,125.09,122.5
03/01/2021,123.76,"2,614,949",125.72,125.85,122.8
02/26/2021,123.68,"3,615,542",123.59,124.58,120.14
02/25/2021,122.98,"5,263,146",127.76,128.16,121.09
02/24/2021,127.26,"4,486,156",123.35,127.48,122.38
02/23/2021,121.95,"3,703,348",121.58,122.31,118.29
02/22/2021,119.96,"4,374,221",118.75,122.13,117.54
02/19/2021,116.91,"3,463,255",114.96,117.79,114.51
02/18/2021,114.12,"2,696,154",108.97,115.21,108.5
02/17/2021,111.43,"3,816,245",110.83,115.33,108.81
02/16/2021,113.61,"2,927,797",112.83,114.02,112.0
02/12/2021,112.14,"2,128,262",109.12,112.41,108.87
02/11/2021,109.5,"1,792,234",110.14,111.17,108.72
02/10/2021,109.34,"2,750,655",110.17,110.49,108.81
02/09/2021,110.35,"1,590,547",112.24,112.51,110.18
02/08/2021,112.32,"2,061,148",112.69,113.16,110.6196
02/05/2021,111.67,"2,280,088",111.3,112.6,110.34
02/04/2021,110.52,"2,091,619",107.39,110.53,107.34
02/03/2021,106.6,"2,373,621",105.81,108.32,105.7
02/02/2021,105.79,"2,556,287",103.18,107.05,102.73
02/01/2021,101.92,"2,861,107",102.38,103.82,101.84
01/29/2021,101.39,"4,844,118",103.225,103.24,99.02
01/28/2021,104.0,"6,544,179",100.88,104.84,100.88
01/27/2021,98.67,"4,592,584",102.95,103.82,98.57
01/26/2021,104.67,"2,800,946",105.73,106.27,104.61
01/25/2021,105.12,"5,310,212",104.1,105.732,102.59
01/22/2021,104.96,"2,894,067",107.51,107.885,104.67
01/21/2021,108.82,"1,799,707",107.68,109.92,107.14
01/20/2021,107.7,"2,771,536",108.02,108.59,105.81
01/19/2021,107.93,"1,839,560",108.41,109.51,107.59
01/15/2021,108.41,"2,169,431",111.43,111.64,108.07
01/14/2021,112.11,"2,360,580",112.56,113.68,111.11
01/13/2021,111.87,"2,041,840",112.28,113.18,110.651
01/12/2021,112.33,"1,811,628",113.18,114.09,112.13
01/11/2021,113.18,"1,527,641",112.49,113.71,111.32
01/08/2021,114.16,"4,065,115",113.92,115.67,113.03
01/07/2021,113.29,"2,640,415",111.45,113.89,111.25
01/06/2021,110.77,"1,868,172",108.07,112.08,108.06
01/05/2021,107.95,"2,564,180",107.0,109.08,106.88
01/04/2021,107.46,"2,759,313",110.97,111.31,106.01
12/31/2020,111.26,"1,571,502",109.68,111.61,108.685
12/30/2020,110.18,"1,405,157",108.1,110.84,108.1
12/29/2020,107.95,"1,428,001",108.18,109.646,107.51
12/28/2020,107.38,"1,575,159",107.99,109.4,107.12
12/24/2020,106.89,"822,378",106.56,106.89,105.65
12/23/2020,106.51,"2,196,356",104.02,106.83,103.32
12/22/2020,102.95,"2,393,209",104.04,104.555,102.65
12/21/2020,103.99,"3,331,310",101.95,104.86,101.33
12/18/2020,104.61,"5,231,831",105.01,106.92,104.42
12/17/2020,104.7,"2,410,709",105.04,105.35,103.55
12/16/2020,104.41,"1,956,111",104.97,105.36,103.3
12/15/2020,104.97,"1,923,449",105.55,105.9,102.91
12/14/2020,103.04,"2,034,861",106.39,106.39,102.98
12/11/2020,104.74,"2,302,741",106.81,107.61,104.3
12/10/2020,107.36,"2,360,118",106.25,107.85,105.2
12/09/2020,106.7,"2,165,248",109.5,109.96,105.7
12/08/2020,109.05,"1,838,455",108.64,110.76,108.61
12/07/2020,109.83,"1,622,628",110.28,110.41,108.33
12/04/2020,110.85,"1,261,749",109.87,111.24,108.625
12/03/2020,109.16,"3,119,179",107.13,111.54,107.13
12/02/2020,106.75,"2,069,214",104.3,107.19,103.8
12/01/2020,104.84,"1,946,709",105.26,105.64,103.87
11/30/2020,103.63,"2,952,870",104.04,104.275,101.77
11/27/2020,104.41,"1,008,660",106.62,107.0,104.17
11/25/2020,106.3,"1,847,299",108.0,108.15,106.22
11/24/2020,108.94,"2,827,058",107.97,109.62,107.03
11/23/2020,105.05,"3,428,477",102.89,105.05,102.41
11/20/2020,101.76,"2,302,673",102.85,103.37,101.45
11/19/2020,102.8,"3,283,998",102.33,103.584,102.01
11/18/2020,103.35,"1,901,575",103.37,105.63,102.9
11/17/2020,103.34,"2,732,885",104.56,105.21,102.54
11/16/2020,106.58,"4,475,358",109.47,109.71,106.26
11/13/2020,105.8,"2,638,559",102.91,105.92,102.65
11/12/2020,102.05,"2,702,734",102.33,103.265,100.83
11/11/2020,103.75,"3,696,095",104.65,104.76,101.445
11/10/2020,104.24,"4,420,093",105.0,106.45,102.7425
11/09/2020,104.19,"9,584,600",112.39,116.73,102.6
11/06/2020,92.84,"2,859,004",93.65,95.06,92.28
11/05/2020,94.08,"2,397,699",93.33,96.08,93.07
11/04/2020,93.09,"2,985,196",91.27,96.62,90.58
11/03/2020,90.65,"3,040,828",88.75,91.95,88.75
11/02/2020,88.0,"2,352,787",88.0,88.51,86.52
10/30/2020,87.81,"2,335,951",85.76,88.0775,84.78
10/29/2020,86.51,"2,546,324",84.02,87.445,83.62
10/28/2020,84.02,"2,279,512",85.98,86.65,83.8442
10/27/2020,87.67,"1,667,037",90.25,90.455,87.47
10/26/2020,90.38,"2,002,762",92.92,93.0,88.47
10/23/2020,94.61,"2,407,436",94.8,95.67,94.16
10/22/2020,94.39,"4,378,409",90.21,94.43,89.705
10/21/2020,88.97,"3,418,865",89.33,89.63,88.2038
10/20/2020,89.57,"2,279,248",88.53,90.47,87.77
10/19/2020,87.55,"1,557,488",89.65,90.8407,86.97
10/16/2020,89.5,"1,901,759",88.88,90.1,88.52
10/15/2020,88.68,"1,330,769",87.36,88.7,86.42
10/14/2020,88.3,"2,241,190",89.0,90.23,87.8
10/13/2020,88.64,"2,085,756",90.8,91.3,88.19
10/12/2020,91.35,"1,411,670",91.44,91.78,90.385
10/09/2020,91.37,"1,654,826",93.0,94.1,91.255
10/08/2020,92.54,"2,202,457",92.28,92.93,91.14
10/07/2020,91.72,"2,108,505",90.41,92.15,90.41
10/06/2020,89.6,"2,128,009",90.28,92.39,89.38
10/05/2020,89.3,"1,342,614",88.45,90.0063,87.86
10/02/2020,87.96,"1,644,013",84.91,88.02,84.61
10/01/2020,87.22,"1,779,510",85.92,87.24,85.55
09/30/2020,85.32,"3,127,471",87.54,88.88,85.17
09/29/2020,86.6,"2,977,634",88.9,88.98,86.43
09/28/2020,89.06,"2,289,467",87.82,89.44,86.8
09/25/2020,85.93,"3,255,572",83.06,86.06,82.825
09/24/2020,83.07,"5,307,051",83.37,84.75,81.48
09/23/2020,83.86,"2,540,864",85.69,87.33,83.68
09/22/2020,85.24,"3,816,086",85.07,85.83,83.95
09/21/2020,85.48,"5,031,539",87.2,87.3,83.52
09/18/2020,89.64,"5,451,496",90.34,91.34,89.27
09/17/2020,91.17,"3,427,499",92.68,93.1,90.62
09/16/2020,94.03,"3,831,355",92.46,95.08,91.64
09/15/2020,91.94,"1,945,275",92.45,93.78,91.79
09/14/2020,92.31,"2,139,296",88.18,92.57,88.18
09/11/2020,87.37,"1,974,467",89.61,89.635,86.21
09/10/2020,89.36,"1,774,117",90.9,93.14,89.27
09/09/2020,90.39,"2,237,962",91.7,91.88,90.13
09/08/2020,91.9,"2,781,571",90.12,93.42,89.68
09/04/2020,90.94,"3,776,024",92.68,93.39,90.75
09/03/2020,91.3,"2,541,046",91.93,93.85,90.31
09/02/2020,91.34,"3,952,749",91.89,91.97,90.38
09/01/2020,91.71,"1,712,614",89.52,92.16,89.01
08/31/2020,90.36,"3,461,786",91.61,91.69,89.48
08/28/2020,91.73,"4,251,608",89.21,92.06,89.11
08/27/2020,88.8,"3,373,196",87.66,89.2927,87.585
08/26/2020,86.8,"2,210,255",88.21,88.21,86.7
08/25/2020,88.44,"2,053,319",89.72,90.61,88.27
08/24/2020,88.4,"2,468,661",87.85,89.21,86.8
08/21/2020,87.35,"2,318,538",85.5,87.44,85.16
08/20/2020,85.1,"2,274,405",83.47,85.71,83.12
08/19/2020,84.49,"2,010,743",84.6,85.4,83.88
08/18/2020,84.07,"1,806,633",85.01,85.22,83.36
08/17/2020,84.98,"2,360,937",86.07,86.2,84.195
08/14/2020,86.0,"1,899,780",85.89,86.84,85.25
08/13/2020,85.5,"1,721,135",85.25,87.0523,84.26
08/12/2020,85.89,"2,169,697",88.61,88.7,85.36
08/11/2020,87.02,"5,012,172",87.55,88.46,86.45
08/10/2020,86.2,"3,588,532",84.53,87.22,84.2
08/07/2020,83.7,"3,257,136",82.35,83.86,81.21
08/06/2020,82.7,"5,000,336",79.3,83.6,78.03
08/05/2020,80.0,"3,932,789",79.61,80.03,77.83
08/04/2020,78.32,"2,856,738",74.8,78.42,74.47
08/03/2020,74.74,"1,965,751",74.4,75.62,73.5
07/31/2020,75.05,"4,115,075",75.68,75.76,74.02
07/30/2020,76.14,"2,288,581",76.5,76.96,75.38
07/29/2020,77.39,"1,605,058",77.25,78.01,76.93
07/28/2020,76.67,"2,194,787",77.02,77.58,76.5
07/27/2020,77.34,"2,389,791",76.55,77.45,75.36
07/24/2020,77.43,"1,257,384",78.42,78.5,76.93
07/23/2020,78.86,"2,150,342",78.72,79.23,77.11
07/22/2020,79.62,"2,584,135",79.61,80.35,78.79
07/21/2020,80.12,"2,087,077",79.31,80.4,78.54
07/20/2020,78.17,"2,103,501",79.44,80.3199,77.53
07/17/2020,79.9,"2,270,133",80.67,80.69,78.51
07/16/2020,80.89,"2,863,460",79.8,81.22,78.955
07/15/2020,80.92,"4,597,152",76.6,81.48,76.01
07/14/2020,73.51,"2,452,006",73.21,73.54,71.86
07/13/2020,73.58,"2,984,946",75.55,76.26,73.55
07/10/2020,75.24,"2,168,551",73.83,75.27,73.5
07/09/2020,74.13,"2,809,601",75.41,75.59,72.52
07/08/2020,75.09,"3,597,082",74.3,75.09,73.4
07/07/2020,74.17,"2,761,225",75.26,75.46,73.75
07/06/2020,76.24,"2,942,722",76.08,76.35,74.98
07/02/2020,74.52,"1,766,401",76.79,76.98,74.1304
07/01/2020,74.44,"3,177,018",74.68,76.53,74.12
06/30/2020,73.45,"4,377,429",73.55,73.94,72.02
06/29/2020,73.92,"3,244,033",71.52,73.92,70.11
06/26/2020,71.16,"9,989,508",72.19,72.3,69.83
06/25/2020,72.51,"3,999,906",72.49,72.73,70.8066
06/24/2020,73.19,"3,776,898",75.0,75.0,71.59
06/23/2020,75.68,"3,956,916",76.74,76.95,75.16
06/22/2020,76.08,"1,949,483",75.95,76.805,74.83
06/19/2020,76.17,"4,250,957",79.23,79.26,75.39
06/18/2020,78.16,"3,898,964",75.74,79.14,75.43
06/17/2020,76.42,"3,457,760",77.86,78.47,75.85
06/16/2020,78.25,"3,104,173",81.29,81.74,76.725
06/15/2020,77.48,"3,404,488",74.54,78.43,73.85
06/12/2020,77.45,"4,733,592",80.93,81.0,76.16
06/11/2020,77.59,"5,266,458",78.0,80.609,76.73
06/10/2020,82.83,"3,943,085",85.38,85.92,82.35
06/09/2020,86.13,"3,087,065",87.8,87.83,85.25
06/08/2020,89.7,"4,554,527",89.86,90.78,88.54
06/05/2020,87.2,"6,686,190",90.42,93.72,86.645
06/04/2020,86.34,"3,502,983",86.19,87.44,84.36
06/03/2020,86.11,"3,624,854",84.49,87.42,83.79
06/02/2020,83.6,"3,138,763",83.0,83.65,81.24
06/01/2020,81.91,"2,374,555",79.65,82.73,79.355
05/29/2020,79.31,"3,923,807",79.54,80.25,78.38
05/28/2020,80.62,"3,368,789",83.98,84.54,80.44
05/27/2020,83.15,"5,167,042",84.14,84.515,80.76
05/26/2020,81.69,"3,879,864",85.13,85.58,81.43
05/22/2020,78.39,"2,822,887",78.0,78.785,76.69
05/21/2020,77.66,"4,794,459",77.15,78.86,75.83
05/20/2020,77.72,"3,522,280",76.86,78.32,75.94
05/19/2020,75.29,"3,955,045",73.04,77.0799,71.8292
05/18/2020,73.07,"6,424,880",72.17,74.67,72.08
05/15/2020,68.54,"2,330,973",67.28,68.83,66.51
05/14/2020,68.17,"6,036,656",63.36,68.21,62.47
05/13/2020,64.85,"4,944,508",67.0,67.2,64.06
05/12/2020,67.0,"3,176,838",68.94,69.34,66.56
05/11/2020,68.3,"5,532,585",71.11,71.26,68.26
05/08/2020,72.19,"8,489,639",72.78,74.03,71.72
05/07/2020,71.9,"4,738,594",71.97,73.4559,71.29
05/06/2020,70.79,"3,838,772",72.49,72.85,70.62
05/05/2020,71.74,"3,066,899",72.76,73.68,71.41
05/04/2020,71.41,"4,295,269",70.0,72.58,69.08
05/01/2020,72.03,"3,693,407",73.11,73.75,71.42
04/30/2020,75.71,"4,382,491",77.79,78.39,74.78
04/29/2020,79.28,"6,173,969",77.02,81.74,77.02
04/28/2020,75.75,"3,003,491",77.0,77.8,74.38
04/27/2020,75.19,"2,558,286",73.15,75.99,72.745
04/24/2020,71.37,"1,954,077",72.46,72.6,70.05
04/23/2020,71.94,"2,246,470",71.59,73.79,70.7
04/22/2020,70.79,"2,710,374",72.51,73.6,69.59
04/21/2020,71.35,"3,139,119",70.33,72.48,70.1
04/20/2020,72.28,"4,815,431",73.5,75.54,71.45
04/17/2020,75.62,"4,952,843",74.67,75.85,72.73
04/16/2020,70.15,"4,771,953",69.81,70.7,67.77
04/15/2020,69.87,"5,802,963",66.04,71.28,65.61
04/14/2020,70.01,"4,575,843",68.25,71.3,68.25
04/13/2020,66.64,"4,020,738",68.53,68.9,64.32
04/09/2020,68.45,"7,537,422",70.22,73.21,68.11
04/08/2020,70.09,"8,521,189",67.31,70.19,66.33
04/07/2020,65.83,"7,903,040",70.18,73.4799,65.31
04/06/2020,63.8,"9,128,501",60.87,64.335,60.11
04/03/2020,55.94,"7,232,904",58.0,59.475,53.7
04/02/2020,57.86,"7,930,231",62.33,65.99,57.0
04/01/2020,63.04,"5,742,986",65.0,66.4007,62.36
03/31/2020,68.24,"5,166,682",68.75,71.83,67.89
03/30/2020,68.68,"5,064,500",66.79,69.83,64.5801
03/27/2020,69.15,"5,784,051",69.0,71.7,66.2
03/26/2020,73.2,"7,411,634",75.6,78.76,70.24
03/25/2020,72.25,"7,695,495",75.31,76.73,67.3534
03/24/2020,69.39,"9,956,110",68.43,75.67,67.51
03/23/2020,63.33,"11,003,540",61.25,67.78,60.05
03/20/2020,61.6,"11,377,390",61.29,71.48,56.5
03/19/2020,58.03,"13,086,300",55.0,62.82,51.04
03/18/2020,56.68,"18,610,520",58.01,58.46,44.3
03/17/2020,64.83,"10,971,910",70.57,71.0,61.85
03/16/2020,69.54,"8,647,020",69.42,75.89,63.83
03/13/2020,78.63,"8,068,543",80.85,81.98,76.64
03/12/2020,76.72,"11,501,160",71.41,79.57,71.4
03/11/2020,81.09,"9,833,268",88.22,88.22,79.17
03/10/2020,90.32,"5,472,102",89.99,91.53,85.68
03/09/2020,86.18,"7,335,652",83.4,87.54,83.4
03/06/2020,90.45,"6,450,413",89.02,94.21,88.315
03/05/2020,91.5,"9,044,901",94.1,95.14,91.29
03/04/2020,98.39,"7,065,308",94.7,98.515,92.0
03/03/2020,93.33,"6,433,266",96.58,96.79,92.24
03/02/2020,96.46,"4,791,407",97.04,97.7,92.58
02/28/2020,97.2,"6,129,154",92.95,98.34,92.7
02/27/2020,95.83,"7,692,936",95.53,100.69,93.2228
02/26/2020,97.9,"6,111,147",99.64,100.82,96.3
02/25/2020,98.88,"5,490,911",104.82,104.89,98.31
02/24/2020,104.02,"4,565,237",104.62,105.35,103.49
02/21/2020,109.57,"1,716,068",111.14,111.205,109.32
02/20/2020,112.0,"1,165,346",112.32,113.83,111.77
02/19/2020,112.67,"1,543,321",112.05,113.45,112.05
02/18/2020,111.93,"1,805,053",112.98,113.3,111.85
02/14/2020,113.23,"948,921",113.09,113.63,112.13
02/13/2020,112.96,"1,396,047",112.66,113.54,111.17
02/12/2020,113.7,"1,891,071",113.49,115.48,113.2
02/11/2020,112.94,"2,388,582",110.44,115.06,109.02
02/10/2020,111.37,"2,028,555",110.42,111.37,110.15
02/07/2020,110.84,"1,371,166",111.42,111.64,110.42
02/06/2020,112.7,"1,477,603",113.7,113.88,111.8
02/05/2020,113.26,"2,143,997",112.44,113.58,112.1483
02/04/2020,110.94,"1,689,492",109.92,111.99,109.39
02/03/2020,107.85,"2,097,725",108.54,109.89,107.82
01/31/2020,107.8,"3,606,920",108.81,108.89,107.01
01/30/2020,109.07,"2,389,260",108.3,109.445,107.22
01/29/2020,110.01,"1,854,209",108.13,110.125,108.13
01/28/2020,107.86,"2,062,402",106.0,108.04,105.56
01/27/2020,104.94,"4,149,728",104.3,105.965,103.53
01/24/2020,108.49,"2,105,331",111.45,111.45,107.48
01/23/2020,110.96,"1,607,108",109.19,111.15,107.6526
01/22/2020,110.85,"1,716,565",110.98,112.605,110.54
01/21/2020,110.62,"4,031,818",112.49,112.62,109.93
01/17/2020,113.92,"2,512,589",112.17,113.96,111.98
01/16/2020,111.6,"1,217,149",110.32,111.65,110.19
01/15/2020,109.63,"1,316,079",108.94,109.86,108.59
01/14/2020,109.09,"1,233,160",109.14,109.5,108.59
01/13/2020,109.29,"1,573,927",108.94,109.33,108.21
01/10/2020,108.6,"1,296,291",109.45,109.45,108.39
01/09/2020,109.09,"1,596,198",109.89,110.2,109.05
01/08/2020,109.21,"2,741,604",108.14,110.04,107.89
01/07/2020,108.29,"1,498,941",109.27,109.49,108.16
01/06/2020,109.42,"1,822,112",109.02,109.45,108.59
01/03/2020,109.99,"1,854,486",110.0,110.405,108.64
01/02/2020,111.45,"2,014,639",111.15,111.62,110.46
12/31/2019,110.91,"1,327,848",111.08,111.53,110.61
12/30/2019,111.37,"953,173",112.5,112.69,110.97
12/27/2019,112.39,"890,163",112.32,112.79,111.76
12/26/2019,111.94,"1,268,259",111.43,111.98,111.3
12/24/2019,111.37,"436,657",111.43,111.92,111.08
12/23/2019,111.28,"1,495,847",111.06,111.68,111.04
12/20/2019,111.42,"3,344,047",111.18,111.72,110.3124
12/19/2019,110.34,"1,935,723",109.27,110.665,109.145
12/18/2019,109.25,"2,524,254",109.04,109.66,108.51
12/17/2019,108.8,"2,109,033",108.32,108.9,107.74
12/16/2019,108.48,"2,516,708",108.04,109.3,107.7
12/13/2019,107.2,"1,286,630",106.54,107.44,106.17
12/12/2019,106.52,"1,421,762",105.67,107.23,105.37
12/11/2019,105.7,"1,453,677",105.11,105.95,104.8
12/10/2019,104.7,"1,329,056",104.92,105.58,104.52
12/09/2019,104.75,"1,436,288",105.6,106.11,104.75
12/06/2019,105.47,"1,041,069",105.86,106.25,105.31
12/05/2019,104.91,"1,096,805",104.62,105.3,104.28
12/04/2019,104.18,"1,114,191",104.1,104.77,103.86
12/03/2019,103.95,"1,486,970",103.26,104.18,102.76
12/02/2019,104.75,"1,988,138",105.06,105.08,103.75
11/29/2019,105.0,"764,587",105.82,106.25,104.77
11/27/2019,106.37,"1,656,765",105.56,106.42,105.04
11/26/2019,105.32,"1,972,100",103.2,105.42,102.85
11/25/2019,103.09,"1,821,955",101.86,103.49,101.85
11/22/2019,101.22,"2,161,625",99.45,101.47,99.12
11/21/2019,99.08,"965,371",98.92,99.51,98.26
11/20/2019,99.26,"986,511",99.61,100.11,98.7
11/19/2019,100.21,"839,656",100.58,100.82,100.11
11/18/2019,100.17,"1,617,609",99.52,100.52,99.52
11/15/2019,99.69,"2,095,950",99.49,100.5,99.17
11/14/2019,98.85,"973,568",97.9,99.001,97.5
11/13/2019,97.76,"2,314,974",97.85,98.09,96.78
11/12/2019,98.09,"856,563",98.29,99.335,97.95
11/11/2019,98.13,"876,878",98.26,98.8802,97.85
11/08/2019,99.09,"941,200",98.62,99.1,97.86
11/07/2019,98.93,"1,309,069",100.0,100.73,98.6
11/06/2019,99.57,"1,143,849",100.44,100.44,99.13
11/05/2019,100.15,"1,721,859",97.8,100.47,97.37
11/04/2019,97.99,"1,335,440",96.81,98.685,96.45
11/01/2019,96.31,"1,722,447",97.85,98.5,96.15
10/31/2019,96.96,"1,514,992",96.9,97.63,96.54
10/30/2019,97.32,"1,095,366",97.35,97.35,95.89
10/29/2019,97.31,"1,078,556",97.1,97.81,96.55
10/28/2019,97.19,"1,267,127",97.87,98.54,96.36
10/25/2019,97.69,"1,559,506",96.73,98.62,96.49
10/24/2019,96.91,"2,845,878",95.56,97.36,94.81
10/23/2019,95.77,"4,070,021",91.5,95.95,89.85
10/22/2019,90.73,"2,224,123",92.25,92.7,90.73
10/21/2019,92.39,"1,793,984",91.76,92.43,91.52
10/18/2019,91.15,"2,739,465",90.89,91.74,90.5
10/17/2019,92.2,"1,862,406",92.42,94.79,91.83
10/16/2019,92.2,"1,165,228",91.79,92.65,91.615
10/15/2019,91.66,"1,687,865",91.61,92.4,90.81
10/14/2019,91.53,"1,315,495",93.01,93.12,91.0
10/11/2019,93.43,"2,763,002",92.96,94.66,92.96
10/10/2019,91.55,"2,128,437",91.39,92.97,91.3
10/09/2019,91.5,"1,724,073",91.47,91.76,90.5885
10/08/2019,90.7,"2,153,530",90.19,91.7,88.97
10/07/2019,91.0,"2,091,104",93.03,93.12,90.95
10/04/2019,93.35,"1,643,536",92.3,93.765,92.07
10/03/2019,91.99,"1,863,460",91.13,92.05,90.635
10/02/2019,90.94,"2,086,653",91.62,91.71,90.6
10/01/2019,92.15,"2,016,294",93.45,94.34,92.07
09/30/2019,93.11,"2,016,441",91.8,93.155,91.06
09/27/2019,91.45,"1,359,874",92.54,92.94,90.98
09/26/2019,92.01,"1,662,141",92.45,92.84,91.31
09/25/2019,92.77,"1,199,836",92.05,93.2,91.52
09/24/2019,92.22,"2,352,705",94.65,94.69,91.88
09/23/2019,94.25,"1,598,026",94.88,95.74,94.225
09/20/2019,95.22,"3,108,927",95.96,96.23,95.015
09/19/2019,95.78,"1,196,919",95.74,96.04,95.45
09/18/2019,95.35,"1,013,470",94.5,95.42,94.28
09/17/2019,94.86,"954,903",93.63,95.77,93.63
09/16/2019,93.66,"1,896,081",95.06,95.1,93.35
09/13/2019,96.05,"1,567,352",95.29,97.49,94.885
09/12/2019,94.77,"1,365,804",95.46,96.14,94.65
09/11/2019,95.18,"2,139,924",94.14,95.61,93.61
09/10/2019,93.58,"1,880,163",91.76,93.59,90.91
09/09/2019,92.53,"1,375,817",93.97,94.11,92.05
09/06/2019,93.74,"1,061,645",93.4,94.24,93.23
09/05/2019,93.47,"1,084,768",93.22,93.82,92.8952
09/04/2019,92.3,"1,003,829",92.03,92.57,91.81
09/03/2019,91.31,"1,530,448",91.16,91.67,90.72
08/30/2019,92.37,"1,174,021",93.23,93.68,92.07
08/29/2019,92.54,"945,577",92.72,93.56,92.46
08/28/2019,91.91,"1,274,169",91.0,92.14,90.61
08/27/2019,91.13,"2,376,929",92.23,92.35,90.96
08/26/2019,91.65,"1,336,294",91.9,92.05,90.815
08/23/2019,91.08,"2,199,812",92.15,93.185,90.63
08/22/2019,92.41,"1,616,859",92.02,92.8,91.34
08/21/2019,91.62,"1,750,322",93.6,93.6,91.265
08/20/2019,92.73,"2,397,549",93.22,93.735,92.6
08/19/2019,93.46,"1,057,017",94.41,94.87,93.45
08/16/2019,93.01,"1,433,922",92.5,93.42,92.2
08/15/2019,91.61,"2,171,348",92.34,92.82,90.945
08/14/2019,92.01,"2,561,462",93.86,93.96,91.16
08/13/2019,95.26,"2,009,435",93.82,96.305,93.66
08/12/2019,93.85,"1,267,934",95.0,95.26,93.63
08/09/2019,95.58,"1,459,474",95.51,96.08,94.535
08/08/2019,95.77,"1,947,041",93.53,95.91,93.52
08/07/2019,93.4,"2,549,962",91.3,93.79,90.73
08/06/2019,92.56,"3,267,627",91.82,93.42,91.015
08/05/2019,91.35,"3,022,489",92.19,92.27,90.19
08/02/2019,93.91,"1,756,006",94.94,95.32,93.6
08/01/2019,95.25,"1,873,950",96.44,97.28,94.83
07/31/2019,96.55,"2,279,438",97.35,97.93,95.67
07/30/2019,97.31,"984,350",97.05,97.62,96.76
07/29/2019,97.4,"1,868,546",97.25,97.81,97.155
07/26/2019,97.21,"1,914,856",97.19,97.47,96.335
07/25/2019,96.4,"2,059,287",94.49,96.89,94.49
07/24/2019,95.31,"2,982,631",95.6,96.21,92.49
07/23/2019,95.12,"3,851,403",93.58,95.26,93.14
07/22/2019,93.24,"3,080,656",94.76,94.86,92.75
07/19/2019,94.53,"3,074,341",96.78,96.89,94.48
07/18/2019,97.1,"1,729,404",97.58,97.625,96.4314
07/17/2019,97.77,"1,847,892",99.62,99.9,97.63
07/16/2019,99.88,"3,338,650",98.95,100.0,98.69
07/15/2019,99.2,"1,975,536",99.69,99.69,98.81
07/12/2019,99.54,"2,715,732",99.3,100.73,99.07
07/11/2019,100.7,"1,477,177",99.26,100.835,98.8
07/10/2019,99.19,"2,222,226",99.27,99.52,98.18
07/09/2019,99.0,"2,068,107",99.04,99.42,98.51
07/08/2019,100.19,"1,781,951",100.27,100.43,99.3
07/05/2019,100.6,"1,203,190",100.32,100.66,99.59
07/03/2019,100.64,"1,150,740",100.53,101.14,100.16
07/02/2019,100.39,"2,873,224",99.3,100.44,98.67
07/01/2019,99.3,"2,980,621",99.0,99.34,98.12
06/28/2019,97.74,"3,600,346",96.66,97.74,96.56
06/27/2019,96.53,"1,568,531",94.88,96.88,94.7175
06/26/2019,94.52,"1,636,606",93.69,94.87,93.26
06/25/2019,93.25,"2,320,851",95.5,95.78,93.01
06/24/2019,95.51,"1,289,121",96.3,96.435,95.075
06/21/2019,96.14,"2,107,994",96.56,97.03,96.08
06/20/2019,96.87,"2,170,727",95.71,97.095,95.57
06/19/2019,95.76,"1,561,998",94.9,96.06,94.56
06/18/2019,95.1,"1,642,210",93.82,95.29,93.54
06/17/2019,93.21,"950,369",93.31,93.67,92.71
06/14/2019,93.42,"887,041",92.94,93.615,92.41
06/13/2019,93.03,"1,124,114",93.56,93.7575,92.65
06/12/2019,93.35,"894,474",93.99,94.65,93.24
06/11/2019,93.93,"1,108,709",93.84,94.82,93.19
06/10/2019,93.03,"1,845,348",92.92,94.18,92.835
06/07/2019,92.51,"1,783,002",91.39,93.38,91.39
06/06/2019,91.0,"1,376,154",90.27,91.08,90.17
06/05/2019,90.0,"1,777,282",90.46,90.99,89.62
06/04/2019,90.32,"2,278,152",89.48,90.34,88.92
06/03/2019,88.43,"2,651,335",89.15,89.5,87.91
05/31/2019,89.44,"1,954,158",88.8,90.12,88.43
05/30/2019,89.66,"1,598,097",89.21,90.5,89.14
05/29/2019,88.91,"2,052,275",89.0,89.1,87.96
05/28/2019,89.2,"1,923,798",90.32,90.5,89.06
05/24/2019,89.91,"2,685,196",91.19,91.56,89.48
05/23/2019,90.66,"5,317,765",91.37,92.51,90.45
05/22/2019,92.02,"1,380,694",91.54,92.59,91.54
05/21/2019,92.11,"2,499,729",92.12,92.56,91.98
05/20/2019,91.47,"2,462,840",92.12,92.3,91.1
05/17/2019,92.93,"1,710,194",92.78,93.44,92.62
05/16/2019,94.05,"1,600,662",93.82,94.64,93.66
05/15/2019,93.65,"2,264,723",91.5,94.0,91.09
05/14/2019,91.74,"2,260,180",89.94,92.37,89.94
05/13/2019,89.37,"1,929,184",89.99,90.23,88.9
05/10/2019,91.53,"1,782,255",90.38,91.88,89.72
05/09/2019,91.14,"1,773,726",90.04,91.435,89.76
05/08/2019,90.7,"2,273,016",90.18,91.07,89.94
05/07/2019,90.49,"1,893,988",91.34,92.03,89.94
05/06/2019,92.3,"2,378,771",91.29,92.68,91.02
05/03/2019,93.33,"2,559,066",91.62,93.46,91.43
05/02/2019,91.23,"2,553,861",92.45,92.73,90.48
05/01/2019,92.6,"5,933,002",90.86,93.72,90.23
04/30/2019,86.99,"4,309,681",87.51,87.92,86.6
04/29/2019,87.25,"3,069,361",88.46,88.46,87.12
04/26/2019,88.01,"2,292,253",87.94,88.51,87.44
04/25/2019,87.63,"1,142,959",87.33,88.05,87.215
04/24/2019,87.5,"3,267,193",87.12,88.0,86.85
04/23/2019,87.91,"2,799,333",87.87,88.53,87.54
04/22/2019,87.91,"2,194,580",86.75,88.04,86.34
04/18/2019,87.23,"1,717,573",87.68,87.72,86.01
04/17/2019,87.76,"2,058,867",88.51,88.75,87.7
04/16/2019,88.15,"1,619,380",88.39,88.62,88.09
04/15/2019,88.17,"1,371,889",88.93,89.01,87.74
04/12/2019,88.73,"1,337,361",88.9,89.34,88.24
04/11/2019,88.53,"1,696,623",88.28,88.69,87.96
04/10/2019,87.99,"1,039,602",87.19,88.085,87.05
04/09/2019,87.1,"2,480,350",87.86,88.13,86.93
04/08/2019,88.18,"1,561,403",87.73,88.25,87.09
04/05/2019,87.44,"2,618,366",87.45,88.09,87.2
04/04/2019,87.31,"2,016,092",87.16,87.64,86.8212
04/03/2019,86.79,"2,853,849",85.62,87.03,85.3271
04/02/2019,85.04,"3,380,111",84.1,85.22,83.86
04/01/2019,84.15,"3,404,088",83.94,84.87,83.53
03/29/2019,83.11,"2,857,057",82.92,83.85,82.88
03/28/2019,83.21,"1,977,047",82.6,83.38,82.54
03/27/2019,82.45,"3,627,208",83.5,83.81,81.72
03/26/2019,83.5,"3,342,332",84.16,84.16,82.89
03/25/2019,84.02,"1,488,459",84.65,84.72,83.64
03/22/2019,84.57,"3,209,543",85.37,85.58,84.23
03/21/2019,85.79,"2,076,170",84.49,85.82,84.37
03/20/2019,84.92,"2,879,704",85.77,85.77,84.34
03/19/2019,85.7,"1,426,876",86.4,86.9,85.57
03/18/2019,86.21,"1,983,453",86.13,87.09,85.89
03/15/2019,85.76,"3,775,246",85.0,86.08,84.99
03/14/2019,85.0,"2,363,070",84.51,85.07,83.7615
03/13/2019,83.67,"2,344,702",83.82,84.73,83.43
03/12/2019,83.41,"2,266,863",83.13,83.6,82.35
03/11/2019,82.8,"2,246,253",82.77,82.98,82.11
03/08/2019,82.45,"1,969,962",82.27,82.59,81.66
03/07/2019,82.92,"2,269,496",83.63,83.77,82.3
03/06/2019,83.96,"1,713,368",84.13,84.49,83.68
03/05/2019,84.01,"1,750,189",83.61,84.14,83.14
03/04/2019,83.38,"2,265,095",84.28,84.4,82.49
03/01/2019,83.78,"1,972,005",83.93,84.35,83.21
02/28/2019,83.1,"1,794,111",82.93,83.55,82.76
02/27/2019,83.49,"2,241,371",83.15,83.83,83.03
02/26/2019,83.49,"2,368,568",83.56,84.84,83.3401
02/25/2019,83.55,"2,244,750",85.65,85.87,83.42
02/22/2019,85.03,"2,639,223",83.52,85.37,83.22
02/21/2019,83.25,"2,183,948",83.23,83.78,82.39
02/20/2019,83.34,"3,614,550",81.86,83.48,81.09
02/19/2019,81.39,"3,863,753",81.13,82.18,80.93
02/15/2019,81.75,"3,387,353",81.0,82.14,80.75
02/14/2019,80.16,"3,729,871",79.68,80.27,78.59
02/13/2019,79.37,"5,722,842",77.6,79.71,77.24
02/12/2019,74.32,"3,085,399",74.66,75.23,73.93
02/11/2019,74.4,"3,047,380",74.11,75.08,74.08
02/08/2019,73.91,"2,714,264",74.07,74.725,73.48
02/07/2019,74.68,"2,433,276",74.79,75.01,73.5
02/06/2019,75.57,"2,060,742",74.63,75.75,74.63
02/05/2019,74.62,"1,800,939",74.8,75.155,74.42
02/04/2019,74.73,"3,133,492",74.5,74.94,74.14
02/01/2019,74.42,"3,478,198",74.41,75.04,73.95
01/31/2019,74.48,"2,533,926",74.14,75.19,73.81
01/30/2019,74.13,"3,928,754",73.64,74.66,73.34
01/29/2019,73.15,"1,766,174",72.3,73.27,71.79
01/28/2019,72.31,"1,909,088",71.2,72.99,71.2
01/25/2019,71.76,"3,155,900",71.81,72.06,70.89
01/24/2019,71.06,"2,549,130",70.85,71.24,70.31
01/23/2019,70.73,"3,344,052",71.35,71.86,70.1582
01/22/2019,71.01,"3,257,680",72.72,73.11,70.74
01/18/2019,73.08,"2,561,363",72.51,73.31,72.19
01/17/2019,72.0,"2,553,956",71.61,72.44,71.41
01/16/2019,72.04,"3,322,198",72.72,73.2,72.01
01/15/2019,72.5,"2,371,040",71.19,72.51,70.96
01/14/2019,70.99,"2,943,300",71.4,71.76,70.59
01/11/2019,71.89,"2,191,224",71.49,72.21,71.25
01/10/2019,72.07,"2,398,372",70.5,72.51,70.23
01/09/2019,71.04,"1,724,141",71.91,72.34,70.92
01/08/2019,71.86,"6,183,371",71.76,72.13,70.83
01/07/2019,70.74,"3,170,544",69.7,71.36,69.12
01/04/2019,69.94,"4,110,690",68.41,70.05,68.25
01/03/2019,67.3,"5,618,713",70.45,70.62,67.18
01/02/2019,70.94,"3,629,478",70.69,71.44,70.15
12/31/2018,71.8,"2,138,731",71.41,72.04,70.77
12/28/2018,70.95,"2,164,917",70.92,71.815,70.3775
12/27/2018,70.33,"2,088,163",68.62,70.35,67.775
12/26/2018,69.51,"2,604,245",66.79,69.58,66.28
12/24/2018,66.51,"2,015,807",66.06,67.8,65.6364
12/21/2018,66.47,"5,300,993",67.89,68.53,65.75
12/20/2018,67.5,"4,850,215",68.58,69.08,66.52
12/19/2018,69.66,"4,020,817",70.76,72.11,68.94
12/18/2018,70.49,"2,401,084",70.79,71.44,70.08
12/17/2018,70.27,"4,446,823",71.75,72.9872,69.86
12/14/2018,71.86,"2,524,331",71.44,73.01,71.44
12/13/2018,72.22,"1,785,242",73.23,73.32,72.06
12/12/2018,72.78,"2,004,531",73.39,74.555,72.71
12/11/2018,72.4,"3,181,514",74.11,74.42,71.99
12/10/2018,72.67,"3,277,961",73.01,73.73,71.5
12/07/2018,72.86,"3,067,678",75.24,75.94,72.38
12/06/2018,75.59,"2,332,819",73.67,75.63,73.31
12/04/2018,75.15,"4,194,163",77.58,77.8,74.89
12/03/2018,77.97,"2,811,208",76.99,78.17,76.65
11/30/2018,75.54,"4,767,447",75.75,76.37,74.69
11/29/2018,76.46,"1,919,832",76.83,76.99,75.84
11/28/2018,76.95,"4,242,502",75.25,77.08,75.01
11/27/2018,75.17,"5,549,616",74.52,75.88,74.52
11/26/2018,75.09,"3,383,736",73.86,75.24,73.775
11/23/2018,73.12,"1,095,278",72.2,73.45,72.2
11/21/2018,72.57,"2,499,484",71.97,73.27,71.57
11/20/2018,71.49,"5,739,496",70.17,71.8,69.81
11/19/2018,71.2,"4,314,542",72.93,73.18,70.63
11/16/2018,73.04,"4,689,981",72.32,73.34,72.2
11/15/2018,72.89,"3,992,880",70.53,72.99,70.35
11/14/2018,71.08,"3,789,369",71.56,72.28,70.785
11/13/2018,70.86,"2,270,437",70.66,71.795,70.22
11/12/2018,70.19,"3,878,211",71.16,71.4,70.04
11/09/2018,71.16,"3,249,406",71.71,72.14,70.76
11/08/2018,72.02,"2,369,368",72.49,72.76,71.535
11/07/2018,72.97,"2,263,317",71.13,72.99,71.05
11/06/2018,70.59,"3,991,643",71.31,71.75,69.55
11/05/2018,72.4,"2,633,086",72.48,72.65,71.76
11/02/2018,72.82,"2,975,761",73.16,74.12,72.13
11/01/2018,72.65,"3,015,371",71.48,72.96,71.23
10/31/2018,71.17,"4,893,059",69.93,72.42,69.69
10/30/2018,68.7,"3,200,491",68.6,69.63,67.86
10/29/2018,68.6,"6,075,014",68.92,70.02,67.68
10/26/2018,68.27,"5,634,588",67.17,69.58,66.36
10/25/2018,67.55,"11,014,260",66.75,68.22,66.01
10/24/2018,63.82,"13,445,290",69.18,70.63,63.76
10/23/2018,68.87,"8,824,159",68.87,69.45,66.87
10/22/2018,70.16,"4,045,906",70.62,70.97,70.02
10/19/2018,70.66,"7,481,975",71.8,72.01,70.5
10/18/2018,72.05,"3,712,177",74.53,74.53,71.935
10/17/2018,74.52,"1,777,682",74.48,74.96,73.69
10/16/2018,74.63,"1,848,350",73.55,74.685,73.01
10/15/2018,72.99,"2,917,565",73.34,73.615,72.97
10/12/2018,73.62,"3,590,015",74.24,74.35,72.72
10/11/2018,73.1,"5,938,025",73.2,73.54,72.07
10/10/2018,73.4,"7,361,854",74.66,75.2,73.3
10/09/2018,75.23,"6,070,419",75.0,75.66,74.78
10/08/2018,74.95,"5,138,577",74.23,75.03,73.62
10/05/2018,74.38,"3,622,183",75.46,75.7899,73.515
10/04/2018,75.41,"4,779,389",76.57,76.76,74.57
10/03/2018,76.55,"4,619,556",77.39,77.57,76.5
10/02/2018,77.08,"4,398,394",78.33,78.89,77.05
10/01/2018,78.39,"4,113,502",81.34,81.34,78.38
09/28/2018,80.78,"4,263,008",81.77,81.805,80.69
09/27/2018,82.04,"2,653,890",80.37,82.18,80.335
09/26/2018,80.66,"2,168,232",80.28,81.095,79.92
09/25/2018,80.11,"2,294,543",80.4,80.505,79.87
09/24/2018,80.16,"2,133,646",80.69,80.72,79.55
09/21/2018,80.96,"6,734,753",81.55,82.0,80.82
09/20/2018,81.08,"3,408,727",80.66,81.34,80.17
09/19/2018,80.43,"2,291,300",79.52,80.535,79.52
09/18/2018,79.39,"2,703,526",79.2,79.64,78.95
09/17/2018,79.1,"3,365,643",80.17,80.2465,79.05
09/14/2018,80.06,"3,220,864",79.05,80.22,79.04
09/13/2018,78.94,"3,737,234",78.43,79.92,78.36
09/12/2018,77.96,"3,110,946",77.25,78.07,77.06
09/11/2018,77.41,"2,774,882",76.29,77.46,76.24
09/10/2018,76.59,"2,029,671",76.79,77.03,76.155
09/07/2018,76.44,"2,970,627",75.39,76.62,75.39
09/06/2018,75.69,"4,241,417",75.9,76.24,75.16
09/05/2018,75.72,"3,076,871",76.84,76.97,75.68
09/04/2018,77.16,"1,886,407",77.63,77.7,76.67
08/31/2018,77.62,"2,496,868",77.34,78.04,77.34
08/30/2018,77.58,"1,398,095",78.18,78.19,77.27
08/29/2018,78.18,"1,837,534",77.55,78.36,77.38
08/28/2018,77.47,"1,241,746",77.93,78.01,77.17
08/27/2018,77.76,"1,865,263",77.64,78.159,77.475
08/24/2018,77.11,"2,149,202",76.77,77.6,76.77
08/23/2018,76.77,"3,009,627",77.22,77.42,76.5
08/22/2018,77.2,"2,540,545",76.54,77.405,76.38
08/21/2018,76.73,"2,318,491",76.22,77.249,76.22
08/20/2018,76.29,"2,419,336",77.19,77.54,76.12
08/17/2018,77.2,"1,918,704",76.53,77.3,75.97
08/16/2018,77.24,"3,303,526",76.92,77.92,76.58
08/15/2018,76.22,"2,783,663",75.92,76.39,75.49
08/14/2018,76.54,"2,763,687",75.62,76.74,75.035
08/13/2018,75.31,"2,930,800",75.64,76.08,74.84
08/10/2018,75.65,"3,274,089",76.09,76.42,75.39
08/09/2018,76.15,"3,900,680",76.84,77.08,75.97
08/08/2018,76.89,"2,936,221",77.81,78.1,76.17
08/07/2018,77.6,"3,777,919",77.66,78.11,76.94
08/06/2018,78.13,"3,835,110",78.06,78.26,77.57
08/03/2018,78.18,"1,969,114",78.48,78.59,77.88
08/02/2018,78.44,"3,645,430",77.86,78.65,77.12
08/01/2018,78.54,"2,667,192",79.2,79.47,78.23
07/31/2018,78.66,"2,743,976",77.42,78.825,77.41
07/30/2018,77.28,"2,946,044",78.13,78.6,77.07
07/27/2018,78.45,"2,684,043",79.91,80.21,78.185
07/26/2018,79.61,"2,774,497",79.92,80.69,79.27
07/25/2018,80.37,"5,891,654",80.07,80.55,77.64
07/24/2018,80.49,"4,260,609",81.65,81.84,79.68
07/23/2018,81.61,"3,443,599",82.0,82.26,81.54
07/20/2018,81.96,"2,439,211",81.95,82.71,81.58
07/19/2018,82.14,"2,763,823",83.0,83.49,81.97
07/18/2018,82.96,"5,203,840",81.21,83.25,81.21
07/17/2018,81.07,"3,353,043",80.22,81.17,79.8
07/16/2018,80.08,"2,286,024",81.18,81.18,79.79
07/13/2018,80.97,"2,125,137",80.99,81.16,80.67
07/12/2018,81.0,"3,298,251",81.0,81.13,80.35
07/11/2018,80.61,"3,488,493",80.5,81.0,80.02
07/10/2018,81.28,"2,914,794",80.94,82.29,80.88
07/09/2018,80.94,"2,946,604",81.01,81.68,80.555
07/06/2018,80.56,"2,278,548",79.53,81.0,79.4
07/05/2018,79.69,"3,350,653",79.65,79.94,78.85
07/03/2018,79.45,"1,720,643",79.42,79.82,79.01
07/02/2018,79.3,"3,065,793",78.49,79.31,77.52
06/29/2018,79.16,"3,544,924",78.38,79.99,78.13
06/28/2018,78.25,"5,142,887",78.12,78.25,76.79
06/27/2018,78.26,"3,220,392",79.55,79.9,78.2
06/26/2018,79.19,"3,457,348",79.29,79.72,78.95
06/25/2018,79.27,"3,202,732",80.06,80.55,78.68
06/22/2018,80.87,"4,908,633",81.62,81.72,80.53
06/21/2018,81.02,"3,818,885",81.92,82.31,80.7806
06/20/2018,82.01,"3,178,768",83.19,83.92,81.98
06/19/2018,82.98,"2,104,506",83.68,83.84,82.05
06/18/2018,84.33,"1,854,430",83.09,84.42,83.09
06/15/2018,83.84,"2,953,216",82.75,84.02,82.33
06/14/2018,82.93,"2,126,983",83.12,83.44,82.73
06/13/2018,82.73,"3,604,308",84.0,84.025,82.32
06/12/2018,83.81,"3,554,654",84.5,84.875,82.67
06/11/2018,83.99,"1,783,775",84.23,84.5,83.8
06/08/2018,84.14,"1,677,842",84.09,84.41,83.395
06/07/2018,84.17,"1,772,050",84.88,84.88,83.7
06/06/2018,84.68,"3,570,970",83.04,84.73,82.88
06/05/2018,83.07,"1,911,375",82.9,83.825,82.72
06/04/2018,83.19,"1,716,153",83.18,83.31,82.28
06/01/2018,82.65,"2,495,183",81.09,83.11,81.09
05/31/2018,80.71,"2,873,054",81.6,81.64,80.57
05/30/2018,81.73,"2,049,802",80.85,82.03,80.85
05/29/2018,80.33,"2,184,767",80.97,81.57,80.0065
05/25/2018,81.83,"1,892,726",81.85,82.39,81.43
05/24/2018,82.03,"2,856,152",82.48,82.94,81.99
05/23/2018,82.33,"2,281,386",82.69,82.8,81.99
05/22/2018,82.76,"1,645,174",84.09,84.25,82.62
05/21/2018,83.92,"2,129,743",84.46,84.58,83.24
05/18/2018,83.84,"8,077,853",83.63,84.68,82.4
05/17/2018,83.3,"1,309,266",84.39,84.4,83.13
05/16/2018,84.2,"2,379,304",83.12,84.42,82.63
05/15/2018,83.02,"1,908,611",82.82,83.25,82.59
05/14/2018,82.97,"2,590,538",83.49,83.73,82.73
05/11/2018,83.51,"1,750,369",82.83,83.735,82.47
05/10/2018,82.76,"2,207,750",83.16,83.23,82.31
05/09/2018,82.85,"2,407,727",82.97,83.2,81.605
05/08/2018,82.43,"3,203,727",81.47,82.65,80.92
05/07/2018,81.35,"2,087,624",81.6,81.6,80.85
05/04/2018,81.16,"2,639,833",79.6,81.52,79.08
05/03/2018,79.87,"3,083,109",79.24,80.18,78.44
05/02/2018,79.45,"2,916,653",79.96,80.66,79.26
05/01/2018,80.24,"3,243,794",78.76,80.31,78.66
04/30/2018,78.84,"3,476,424",80.3,80.74,78.79
04/27/2018,80.17,"4,380,152",82.35,82.57,79.99
04/26/2018,81.93,"5,684,466",81.93,82.79,80.48
04/25/2018,81.83,"2,860,550",81.72,82.35,81.35
04/24/2018,82.04,"4,170,209",82.6,83.12,80.875
04/23/2018,82.09,"1,795,420",82.28,82.53,81.82
04/20/2018,82.33,"2,253,877",82.05,82.67,81.66
04/19/2018,81.98,"2,541,437",82.0,82.8,81.6901
04/18/2018,82.18,"3,516,658",81.67,82.99,81.53
04/17/2018,81.16,"3,876,697",81.45,82.41,80.69
04/16/2018,80.53,"4,265,306",80.09,80.67,79.6
04/13/2018,79.61,"14,439,590",80.49,81.33,78.25
04/12/2018,79.95,"10,645,170",80.39,80.94,79.34
04/11/2018,79.61,"52,000,670",77.39,80.35,77.04
04/10/2018,75.01,"11,775,650",76.74,76.79,74.61
04/09/2018,76.15,"7,557,435",76.84,79.49,76.0
04/06/2018,77.51,"3,290,831",78.69,79.29,76.68
04/05/2018,79.04,"6,791,740",77.23,79.37,75.95
04/04/2018,78.03,"3,074,712",76.37,78.33,76.3301
04/03/2018,77.53,"2,575,629",77.5,77.94,76.61
04/02/2018,77.07,"2,721,969",78.72,79.035,75.66
03/29/2018,78.76,"2,481,622",78.77,79.53,78.47
03/28/2018,78.31,"2,199,030",78.74,78.96,77.79
03/27/2018,78.79,"1,585,696",80.16,80.55,78.48
03/26/2018,79.98,"1,278,245",79.04,80.08,78.45
03/23/2018,78.17,"1,591,142",80.49,80.56,78.06
03/22/2018,80.44,"3,031,592",81.25,81.6,80.41
03/21/2018,81.84,"1,233,200",81.3,82.22,81.19
03/20/2018,81.35,"1,028,282",81.61,82.13,81.27
03/19/2018,81.3,"2,027,177",81.31,81.76,80.88
03/16/2018,81.51,"2,130,412",82.0,82.54,81.44
03/15/2018,81.89,"2,288,691",81.4,82.25,81.05
03/14/2018,81.24,"1,591,064",81.47,81.54,81.05
03/13/2018,81.25,"1,641,645",81.42,81.82,81.06
03/12/2018,81.13,"1,836,954",81.52,81.71,80.69
03/09/2018,81.47,"2,912,760",80.01,81.8,79.71
03/08/2018,79.21,"2,349,406",79.53,79.89,79.0001
03/07/2018,79.2,"1,459,548",78.25,79.315,78.13
03/06/2018,78.94,"2,215,494",78.62,79.37,78.41
03/05/2018,78.22,"2,719,018",78.29,78.69,77.08
03/02/2018,78.9,"2,740,038",78.73,79.12,77.23
03/01/2018,79.35,"2,515,240",80.51,80.66,78.79
02/28/2018,80.79,"4,025,695",80.4,82.08,79.78
02/27/2018,79.84,"3,865,898",82.36,82.62,79.81
02/26/2018,82.14,"2,888,407",84.03,84.29,82.13
02/23/2018,83.81,"1,565,682",83.75,83.97,83.08
02/22/2018,83.38,"1,753,934",84.74,84.9,83.12
02/21/2018,84.29,"1,766,398",84.43,86.44,84.26
02/20/2018,84.31,"1,812,940",82.73,84.7,82.73
02/16/2018,83.27,"2,543,749",84.46,84.7232,83.26
02/15/2018,84.56,"2,995,819",86.09,86.31,84.33
02/14/2018,85.97,"3,946,835",82.12,87.11,82.01
02/13/2018,83.21,"2,495,552",81.74,83.57,81.66
02/12/2018,81.82,"2,223,358",80.91,82.16,80.59
02/09/2018,80.43,"3,239,095",79.23,81.23,77.561
02/08/2018,78.66,"5,016,363",81.95,82.374,78.64
02/07/2018,82.02,"3,526,731",80.99,83.28,80.54
02/06/2018,80.69,"4,634,585",78.58,80.97,77.78
02/05/2018,79.91,"2,370,779",82.13,83.01,79.82
02/02/2018,82.65,"2,718,375",85.55,85.8,82.31
02/01/2018,85.76,"2,139,897",85.33,86.285,85.1
01/31/2018,85.65,"1,857,112",86.52,87.0,85.63
01/30/2018,86.41,"1,678,640",86.5,87.43,86.36
01/29/2018,87.28,"1,561,068",87.44,88.11,87.03
01/26/2018,87.69,"933,791",86.94,87.69,86.33
01/25/2018,86.63,"1,466,239",86.04,86.75,85.4
01/24/2018,85.79,"1,984,712",86.8,86.99,85.13
01/23/2018,86.53,"1,632,562",85.69,86.98,85.57
01/22/2018,85.77,"1,538,728",85.42,85.79,85.015
01/19/2018,85.49,"2,201,799",84.64,86.05,84.475
01/18/2018,83.95,"1,314,366",84.18,84.82,83.91
01/17/2018,84.03,"1,440,416",82.9,84.51,82.9
01/16/2018,83.4,"1,422,881",84.57,84.99,82.98
01/12/2018,83.95,"1,870,095",83.25,84.71,83.1
01/11/2018,83.07,"3,886,383",81.98,83.215,81.64
01/10/2018,81.65,"1,745,535",81.66,82.11,81.39
01/09/2018,81.93,"1,354,775",81.11,82.07,80.97
01/08/2018,80.94,"2,483,142",80.3,81.06,79.53
01/05/2018,79.29,"2,273,569",80.24,80.24,78.91
01/04/2018,80.25,"1,548,169",80.86,81.23,80.23
01/03/2018,80.85,"1,425,569",79.81,80.895,79.62
01/02/2018,79.68,"1,701,522",80.28,80.34,78.93
12/29/2017,79.86,"1,539,703",80.79,80.94,79.84
12/28/2017,80.45,"828,965",80.18,80.54,80.0
12/27/2017,80.15,"939,222",79.46,80.38,79.32
12/26/2017,79.37,"909,670",79.4,79.96,79.26
12/22/2017,79.35,"1,416,285",79.38,79.7,79.25
12/21/2017,79.37,"2,047,130",78.49,79.95,78.49
12/20/2017,78.35,"1,327,820",77.92,78.63,77.56
12/19/2017,77.81,"1,448,984",78.39,78.46,77.63
12/18/2017,78.09,"2,275,125",77.49,78.57,77.38
12/15/2017,77.09,"3,694,504",76.44,77.37,76.28
12/14/2017,76.02,"1,739,510",77.09,77.09,76.01
12/13/2017,76.75,"2,146,275",77.22,77.62,76.74
12/12/2017,77.0,"2,243,035",77.57,77.58,76.93
12/11/2017,77.47,"1,589,759",78.16,78.3,77.245
12/08/2017,78.38,"2,090,810",77.61,78.395,77.5
12/07/2017,77.28,"2,254,415",76.83,77.39,76.6
12/06/2017,76.75,"1,421,619",77.75,77.86,76.63
12/05/2017,77.63,"1,493,483",77.7,78.31,77.605
12/04/2017,77.66,"2,349,313",78.03,78.62,77.52
12/01/2017,77.25,"2,164,557",77.27,77.92,76.25
11/30/2017,77.56,"2,544,424",76.57,77.79,76.13
11/29/2017,76.56,"1,874,474",76.13,76.9,76.03
11/28/2017,76.13,"1,887,576",76.05,76.53,75.75
11/27/2017,76.0,"1,394,819",75.76,76.16,75.67
11/24/2017,75.76,"470,449",75.78,75.9,75.47
11/22/2017,75.68,"1,404,156",75.71,76.13,75.19
11/21/2017,75.64,"2,873,165",74.76,76.22,74.75
11/20/2017,74.31,"1,146,752",74.17,74.63,74.05
11/17/2017,74.11,"2,443,856",74.05,74.44,73.9563
11/16/2017,74.02,"1,829,130",73.75,74.31,73.28
11/15/2017,73.38,"2,873,826",72.53,73.68,72.19
11/14/2017,72.91,"1,810,580",71.93,72.97,71.87
11/13/2017,72.62,"1,819,801",72.45,72.72,72.25
11/10/2017,72.69,"2,117,699",72.22,72.83,71.63
11/09/2017,72.05,"2,326,356",72.4,72.76,71.7
11/08/2017,72.9,"1,473,462",72.67,73.45,72.3602
11/07/2017,72.61,"1,809,035",73.4,73.76,72.55
11/06/2017,73.39,"1,352,532",72.59,73.45,72.59
11/03/2017,73.16,"1,653,413",72.38,73.17,72.325
11/02/2017,72.44,"1,924,555",72.97,73.31,71.89
11/01/2017,72.44,"1,871,165",72.93,73.08,72.37
10/31/2017,72.28,"2,688,251",72.65,72.85,72.25
10/30/2017,72.65,"2,571,478",71.76,72.82,71.7
10/27/2017,71.91,"2,916,362",71.8,72.81,71.59
10/26/2017,72.48,"3,318,430",72.1,72.93,70.9
10/25/2017,71.32,"2,611,779",71.16,71.41,70.81
10/24/2017,71.14,"3,204,282",70.79,71.16,70.53
10/23/2017,70.42,"1,402,622",71.27,71.27,70.39
10/20/2017,71.04,"1,726,947",71.37,71.41,70.515
10/19/2017,71.1,"2,170,496",70.95,71.12,70.3299
10/18/2017,71.06,"2,171,632",71.54,71.54,70.88
10/17/2017,71.22,"1,549,242",71.04,71.22,70.72
10/16/2017,71.13,"1,903,968",71.09,71.255,70.62
10/13/2017,71.16,"2,326,229",70.58,71.38,70.4
10/12/2017,70.38,"2,091,672",70.15,70.5,69.84
10/11/2017,70.22,"3,004,131",70.0,70.35,69.83
10/10/2017,69.92,"1,799,692",69.8,69.97,69.51
10/09/2017,69.66,"1,358,289",69.5,69.97,69.455
10/06/2017,69.48,"1,987,577",69.36,69.7,69.2
10/05/2017,69.37,"2,302,298",68.94,69.61,68.8
10/04/2017,68.91,"1,906,200",68.87,69.03,68.6
10/03/2017,68.86,"2,494,048",69.49,69.51,68.72
10/02/2017,69.43,"2,902,480",69.25,69.69,69.16
09/29/2017,69.45,"7,060,226",68.95,69.45,68.435
09/28/2017,69.36,"1,485,242",69.03,69.55,68.97
09/27/2017,69.11,"1,930,407",69.69,69.74,68.685
09/26/2017,69.5,"2,763,730",69.08,69.52,68.8
09/25/2017,68.71,"2,245,608",68.19,69.35,67.98
09/22/2017,68.19,"2,072,727",67.34,68.37,67.18
09/21/2017,67.34,"1,178,392",66.99,67.52,66.82
09/20/2017,67.04,"1,440,823",67.02,67.355,66.64
09/19/2017,66.89,"1,977,168",66.56,67.07,66.21
09/18/2017,66.56,"2,206,983",66.59,66.81,66.33
09/15/2017,66.63,"2,400,547",66.46,66.89,66.07
09/14/2017,66.52,"1,726,815",66.6,66.72,65.91
09/13/2017,66.68,"1,863,498",65.87,66.855,65.83
09/12/2017,66.07,"1,213,360",65.98,66.25,65.66
09/11/2017,65.95,"2,604,384",65.67,66.299,65.59
09/08/2017,65.14,"2,552,390",63.89,65.34,63.74
09/07/2017,63.89,"1,517,956",63.88,64.17,63.53
09/06/2017,63.67,"1,495,581",63.8,64.0,63.29
09/05/2017,63.6,"2,699,465",64.42,64.46,62.9
09/01/2017,64.59,"1,273,114",64.7,64.87,64.28
08/31/2017,64.33,"2,797,893",64.33,64.76,64.03
08/30/2017,64.32,"2,070,475",62.93,64.8,62.81
08/29/2017,62.89,"1,796,036",62.82,63.0,62.53
08/28/2017,63.17,"1,517,796",63.72,63.77,62.92
08/25/2017,63.48,"1,365,008",63.16,63.71,63.01
08/24/2017,62.91,"1,445,763",63.47,63.72,62.84
08/23/2017,63.12,"1,285,997",62.89,63.4,62.72
08/22/2017,63.32,"1,820,222",61.88,63.365,61.8012
08/21/2017,61.78,"1,687,180",61.21,61.9,61.1
08/18/2017,61.06,"2,654,293",60.72,61.53,60.54
08/17/2017,60.82,"2,687,730",62.03,62.39,60.68
08/16/2017,62.44,"2,149,358",62.3,62.76,62.1
08/15/2017,62.21,"2,022,750",61.97,62.4,61.62
08/14/2017,61.75,"2,410,279",61.87,61.94,61.32
08/11/2017,61.3,"1,682,860",60.92,61.56,60.77
08/10/2017,61.0,"2,226,616",60.99,61.41,60.65
08/09/2017,61.37,"2,983,989",61.76,61.795,60.985
08/08/2017,62.08,"2,852,104",62.84,63.18,61.74
08/07/2017,63.77,"3,245,097",63.34,63.87,63.02
08/04/2017,62.98,"2,891,414",62.31,63.13,62.14
08/03/2017,62.13,"1,957,896",62.1,62.65,62.0
08/02/2017,61.98,"2,185,922",62.69,63.58,61.28
08/01/2017,62.77,"2,642,853",62.88,63.35,62.44
07/31/2017,62.53,"2,068,102",62.81,62.87,62.29
07/28/2017,62.46,"1,184,767",62.23,62.75,62.23
07/27/2017,62.56,"2,882,527",62.83,62.83,61.75
07/26/2017,62.52,"6,574,680",63.9,64.66,62.03
07/25/2017,63.08,"3,710,967",62.32,63.13,61.72
07/24/2017,62.01,"1,923,393",62.5,62.79,61.99
07/21/2017,62.47,"1,871,248",61.88,62.49,61.84
07/20/2017,62.01,"2,110,882",62.11,62.23,61.51
07/19/2017,62.12,"1,810,306",62.44,62.65,62.09
07/18/2017,62.49,"2,216,874",62.56,62.9,62.33
07/17/2017,62.62,"1,393,112",62.4,62.88,62.18
07/14/2017,62.45,"3,466,467",61.96,62.54,61.75
07/13/2017,62.08,"1,780,177",62.04,62.38,61.78
07/12/2017,61.93,"2,443,988",62.8,62.97,61.84
07/11/2017,62.46,"5,848,808",61.89,62.61,61.82
07/10/2017,62.2,"4,126,259",61.76,62.29,61.63
07/07/2017,61.76,"4,425,042",61.21,62.01,61.0248
07/06/2017,61.08,"2,925,699",61.02,61.54,60.62
07/05/2017,61.51,"3,681,417",61.31,61.8,60.74
07/03/2017,61.31,"1,967,430",61.98,62.08,61.295
06/30/2017,61.85,"3,555,997",62.65,62.91,61.82
06/29/2017,62.25,"3,666,699",63.25,63.34,61.66
06/28/2017,63.36,"2,606,962",63.8,64.07,63.17
06/27/2017,63.45,"3,272,231",65.05,65.1,63.415
06/26/2017,65.23,"1,736,249",65.38,65.55,64.98
06/23/2017,65.4,"3,110,891",65.1,65.56,64.76
06/22/2017,65.2,"2,623,453",65.45,65.47,64.89
06/21/2017,65.6,"3,997,012",66.3,66.35,65.28
06/20/2017,65.88,"4,031,608",67.04,67.07,65.69
06/19/2017,66.84,"4,362,791",66.59,67.31,66.3
06/16/2017,66.41,"33,212,520",67.27,67.29,66.4
06/15/2017,66.85,"4,511,143",65.81,66.99,65.53
06/14/2017,66.25,"7,387,165",66.62,66.86,65.88
06/13/2017,66.45,"5,087,150",66.14,66.69,66.02
06/12/2017,65.85,"10,162,850",66.31,66.46,65.25
06/09/2017,64.75,"7,978,485",65.35,65.86,64.02
06/08/2017,65.02,"8,180,391",65.26,65.5,64.66
06/07/2017,66.15,"2,659,564",65.76,66.27,65.42
06/06/2017,65.76,"1,999,448",66.58,66.71,65.55
06/05/2017,66.99,"1,599,191",67.67,67.79,66.97
06/02/2017,67.41,"1,590,404",66.97,67.54,66.525
06/01/2017,66.64,"2,001,934",66.71,67.5,66.32
05/31/2017,66.47,"3,402,070",65.85,66.585,65.35
05/30/2017,65.54,"1,104,545",65.26,65.7,65.13
05/26/2017,65.34,"1,445,801",65.16,65.55,64.94
05/25/2017,65.13,"2,766,541",65.76,66.105,65.13
05/24/2017,65.48,"3,026,655",65.77,66.29,65.1
05/23/2017,65.49,"4,021,770",65.5,66.39,64.91
05/22/2017,65.25,"3,643,551",63.78,65.32,63.67
